Saving date:	2020-06-01	19:06:35	Analysis started:	2020-06-01	19:01:52
Processed image:	Verification_IcSpR_Cr_Cr.tif

Settings: 
	sample rate [Hz]:	500,000000
	Orient points in 3D:	false
	Sperm head is tethered:	false
	xy calibration [um]:	0,550000
	Slice Positions [um] 1|2|3|4:	31,007	22,237	9,266	17,490
	trace determined in sharpest plane in time projection
	selected thresholding method:	Triangle
	gaussian blur for trace generation - sigma:	2,000
	Upscale trace (fold):	3
	Head center-of-mass added as first point of trace:	true
	Unify start points (e.g. for tethered sperm):	false
	max vector length [points]:	20
	normal vector radius [um]:	24,000000
	Smooth normal for xyz fit:	true
	Exclude head points from correction/deletion/zkymographs (initial 0 points):	false
	Use Gauss-4-Point fit for z determination:	true
	Use width fit for z determination:	true
	Width fit - LUT step size [um]:	0,100
	Z-smoothing method:	median
	Accepted xy distance for z-smoothing:	9,600000
	# points before or after individual point included in xy- and z-smoothing:	15
	Minimum xy-arcus position of points for reference vector:	4,000000
	Maximum xy-arcus position of points for reference vector:	10,000000
	Curvature and dAngle Calcultion - distance of upstream reference point:	10,000000
	GroupedTimesteps for fourier transform:	500
	initial arclengths neglected for forier transform (µm):	0,000000
	head rotation matrix radius (points):	10

	Width fit used for z determination: true
		Width fit LUT step size:	0.1
		LUT file name:	SpermQ-MF_LUT_200601_161141.tif
	Gauss 4-point-fit used for z determination: true

Width to Z correction factor:	1,116866	1,011870	1,001365	1,001939	0,996280	0,999105	1,001521	1,007055	1,014754	1,010602
Angle Theta [°]:		2D	3D no smoothing	3D mean smoothing	3D median smoothing
	0	41,784310	42,331961	42,331961	42,331961
	1	41,784310	42,331961	42,331961	42,331961
	2	41,784310	42,331961	42,331961	42,331961
	3	41,784310	42,331961	42,331961	42,331961
	4	41,784310	42,331961	42,331961	42,331961
	5	41,784310	42,331961	42,331961	42,331961
	6	41,784310	42,331961	42,331961	42,331961
	7	41,784310	42,331961	42,331961	42,331961
	8	41,784310	42,331961	42,331961	42,331961
	9	41,784310	42,331961	42,331961	42,331961
	10	41,784310	42,331961	42,331961	42,331961
	11	41,784310	42,331961	42,331961	42,331961
	12	41,784310	42,331961	42,331961	42,331961
	13	41,784310	42,331961	42,331961	42,331961
	14	41,784310	42,331961	42,331961	42,331961
	15	41,784310	42,331961	42,331961	42,331961
	16	41,784310	42,331961	42,331961	42,331961
	17	41,784310	42,331961	42,331961	42,331961
	18	41,784310	42,331961	42,331961	42,331961
	19	41,784310	42,331961	42,331961	42,331961
	20	41,784310	42,331961	42,331961	42,331961
	21	41,784310	42,331961	42,331961	42,331961
	22	41,784310	42,331961	42,331961	42,331961
	23	41,784310	42,331961	42,331961	42,331961
	24	41,784310	42,331961	42,331961	42,331961
	25	41,784310	42,331961	42,331961	42,331961
	26	41,784310	42,331961	42,331961	42,331961
	27	41,784310	42,331961	42,331961	42,331961
	28	41,784310	42,331961	42,331961	42,331961
	29	41,784310	42,331961	42,331961	42,331961
	30	41,784310	42,331961	42,331961	42,331961
	31	41,784310	42,331961	42,331961	42,331961
	32	41,784310	42,331961	42,331961	42,331961
	33	41,784310	42,331961	42,331961	42,331961
	34	41,784310	42,331961	42,331961	42,331961
	35	41,784310	42,331961	42,331961	42,331961
	36	41,784310	42,331961	42,331961	42,331961
	37	41,784310	42,331961	42,331961	42,331961
	38	41,784310	42,331961	42,331961	42,331961
	39	41,784310	42,331961	42,331961	42,331961
	40	41,784310	42,331961	42,331961	42,331961
	41	41,784310	42,331961	42,331961	42,331961
	42	41,784310	42,331961	42,331961	42,331961
	43	41,784310	42,331961	42,331961	42,331961
	44	41,784310	42,331961	42,331961	42,331961
	45	41,784310	42,331961	42,331961	42,331961
	46	41,784310	42,331961	42,331961	42,331961
	47	41,784310	42,331961	42,331961	42,331961
	48	41,784310	42,331961	42,331961	42,331961
	49	41,784310	42,331961	42,331961	42,331961
	50	41,784310	42,331961	42,331961	42,331961
	51	41,784310	42,331961	42,331961	42,331961
	52	41,784310	42,331961	42,331961	42,331961
	53	41,784310	42,331961	42,331961	42,331961
	54	41,784310	42,331961	42,331961	42,331961
	55	41,784310	42,331961	42,331961	42,331961
	56	41,784310	42,331961	42,331961	42,331961
	57	41,784310	42,331961	42,331961	42,331961
	58	41,784310	42,331961	42,331961	42,331961
	59	41,784310	42,331961	42,331961	42,331961
	60	41,784310	42,331961	42,331961	42,331961
	61	41,784310	42,331961	42,331961	42,331961
	62	41,784310	42,331961	42,331961	42,331961
	63	41,784310	42,331961	42,331961	42,331961
	64	41,784310	42,331961	42,331961	42,331961
	65	41,784310	42,331961	42,331961	42,331961
	66	41,784310	42,331961	42,331961	42,331961
	67	41,784310	42,331961	42,331961	42,331961
	68	41,784310	42,331961	42,331961	42,331961
	69	41,784310	42,331961	42,331961	42,331961
	70	41,784310	42,331961	42,331961	42,331961
	71	41,784310	42,331961	42,331961	42,331961
	72	41,784310	42,331961	42,331961	42,331961
	73	41,784310	42,331961	42,331961	42,331961
	74	41,784310	42,331961	42,331961	42,331961
	75	41,784310	42,331961	42,331961	42,331961
	76	41,784310	42,331961	42,331961	42,331961
	77	41,784310	42,331961	42,331961	42,331961
	78	41,784310	42,331961	42,331961	42,331961
	79	41,784310	42,331961	42,331961	42,331961
	80	41,784310	42,331961	42,331961	42,331961
	81	41,784310	42,331961	42,331961	42,331961
	82	41,784310	42,331961	42,331961	42,331961
	83	41,784310	42,331961	42,331961	42,331961
	84	41,784310	42,331961	42,331961	42,331961
	85	41,784310	42,331961	42,331961	42,331961
	86	41,784310	42,331961	42,331961	42,331961
	87	41,784310	42,331961	42,331961	42,331961
	88	41,784310	42,331961	42,331961	42,331961
	89	41,784310	42,331961	42,331961	42,331961
	90	41,784310	42,331961	42,331961	42,331961
	91	41,784310	42,331961	42,331961	42,331961
	92	41,784310	42,331961	42,331961	42,331961
	93	41,784310	42,331961	42,331961	42,331961
	94	41,784310	42,331961	42,331961	42,331961
	95	41,784310	42,331961	42,331961	42,331961
	96	41,784310	42,331961	42,331961	42,331961
	97	41,784310	42,331961	42,331961	42,331961
	98	41,784310	42,331961	42,331961	42,331961
	99	41,784310	42,331961	42,331961	42,331961
	100	41,784310	42,331961	42,331961	42,331961
	101	41,784310	42,331961	42,331961	42,331961
	102	41,784310	42,331961	42,331961	42,331961
	103	41,784310	42,331961	42,331961	42,331961
	104	41,784310	42,331961	42,331961	42,331961
	105	41,784310	42,331961	42,331961	42,331961
	106	41,784310	42,331961	42,331961	42,331961
	107	41,784310	42,331961	42,331961	42,331961
	108	41,784310	42,331961	42,331961	42,331961
	109	41,784310	42,331961	42,331961	42,331961
	110	41,784310	42,331961	42,331961	42,331961
	111	41,784310	42,331961	42,331961	42,331961
	112	41,784310	42,331961	42,331961	42,331961
	113	41,784310	42,331961	42,331961	42,331961
	114	41,784310	42,331961	42,331961	42,331961
	115	41,784310	42,331961	42,331961	42,331961
	116	41,784310	42,331961	42,331961	42,331961
	117	41,784310	42,331961	42,331961	42,331961
	118	41,784310	42,331961	42,331961	42,331961
	119	41,784310	42,331961	42,331961	42,331961
	120	41,784310	42,331961	42,331961	42,331961
	121	41,784310	42,331961	42,331961	42,331961
	122	41,784310	42,331961	42,331961	42,331961
	123	41,784310	42,331961	42,331961	42,331961
	124	41,784310	42,331961	42,331961	42,331961
	125	41,784310	42,331961	42,331961	42,331961
	126	41,784310	42,331961	42,331961	42,331961
	127	41,784310	42,331961	42,331961	42,331961
	128	41,784310	42,331961	42,331961	42,331961
	129	41,784310	42,331961	42,331961	42,331961
	130	41,784310	42,331961	42,331961	42,331961
	131	41,784310	42,331961	42,331961	42,331961
	132	41,784310	42,331961	42,331961	42,331961
	133	41,784310	42,331961	42,331961	42,331961
	134	41,784310	42,331961	42,331961	42,331961
	135	41,784310	42,331961	42,331961	42,331961
	136	41,784310	42,331961	42,331961	42,331961
	137	41,784310	42,331961	42,331961	42,331961
	138	41,784310	42,331961	42,331961	42,331961
	139	41,784310	42,331961	42,331961	42,331961
	140	41,784310	42,331961	42,331961	42,331961
	141	41,784310	42,331961	42,331961	42,331961
	142	41,784310	42,331961	42,331961	42,331961
	143	41,784310	42,331961	42,331961	42,331961
	144	41,784310	42,331961	42,331961	42,331961
	145	41,784310	42,331961	42,331961	42,331961
	146	41,784310	42,331961	42,331961	42,331961
	147	41,784310	42,331961	42,331961	42,331961
	148	41,784310	42,331961	42,331961	42,331961
	149	41,784310	42,331961	42,331961	42,331961
	150	41,784310	42,331961	42,331961	42,331961
	151	41,784310	42,331961	42,331961	42,331961
	152	41,784310	42,331961	42,331961	42,331961
	153	41,784310	42,331961	42,331961	42,331961
	154	41,784310	42,331961	42,331961	42,331961
	155	41,784310	42,331961	42,331961	42,331961
	156	41,784310	42,331961	42,331961	42,331961
	157	41,784310	42,331961	42,331961	42,331961
	158	41,784310	42,331961	42,331961	42,331961
	159	41,784310	42,331961	42,331961	42,331961
	160	41,784310	42,331961	42,331961	42,331961
	161	41,784310	42,331961	42,331961	42,331961
	162	41,784310	42,331961	42,331961	42,331961
	163	41,784310	42,331961	42,331961	42,331961
	164	41,784310	42,331961	42,331961	42,331961
	165	41,784310	42,331961	42,331961	42,331961
	166	41,784310	42,331961	42,331961	42,331961
	167	41,784310	42,331961	42,331961	42,331961
	168	41,784310	42,331961	42,331961	42,331961
	169	41,784310	42,331961	42,331961	42,331961
	170	41,784310	42,331961	42,331961	42,331961
	171	41,784310	42,331961	42,331961	42,331961
	172	41,784310	42,331961	42,331961	42,331961
	173	41,784310	42,331961	42,331961	42,331961
	174	41,784310	42,331961	42,331961	42,331961
	175	41,784310	42,331961	42,331961	42,331961
	176	41,784310	42,331961	42,331961	42,331961
	177	41,784310	42,331961	42,331961	42,331961
	178	41,784310	42,331961	42,331961	42,331961
	179	41,784310	42,331961	42,331961	42,331961
	180	41,784310	42,331961	42,331961	42,331961
	181	41,784310	42,331961	42,331961	42,331961
	182	41,784310	42,331961	42,331961	42,331961
	183	41,784310	42,331961	42,331961	42,331961
	184	41,784310	42,331961	42,331961	42,331961
	185	41,784310	42,331961	42,331961	42,331961
	186	41,784310	42,331961	42,331961	42,331961
	187	41,784310	42,331961	42,331961	42,331961
	188	41,784310	42,331961	42,331961	42,331961
	189	41,784310	42,331961	42,331961	42,331961

head position		x [µm]	y [µm]	z (no interpol) [µm]	z (mean) [µm]	z (median) [µm]
	0	41,250000	44,550000	11,713559	11,875760	11,797933
	1	41,250000	44,550000	11,728496	11,876819	11,810569
	2	41,250000	44,550000	11,805399	11,959564	11,903211
	3	41,250000	44,550000	11,949854	12,083039	12,027567
	4	41,250000	44,550000	12,046562	12,158950	12,103742
	5	41,250000	44,550000	12,126008	12,229427	12,158548
	6	41,250000	44,550000	12,151398	12,262825	12,202039
	7	41,250000	44,550000	12,211910	12,305056	12,240495
	8	41,250000	44,550000	12,292558	12,370401	12,304922
	9	41,250000	44,550000	12,410935	12,434511	12,410935
	10	41,250000	44,550000	12,488589	12,491297	12,488589
	11	41,250000	44,550000	12,494606	12,477475	12,494606
	12	41,250000	44,550000	12,558950	12,545863	12,558950
	13	41,250000	44,550000	12,674696	12,596176	12,674696
	14	41,250000	44,550000	12,683020	12,617544	12,683020
	15	41,250000	44,550000	12,802059	12,675349	12,802059
	16	41,250000	44,550000	12,804326	12,741061	12,804326
	17	41,250000	44,550000	12,862399	12,757892	12,862399
	18	41,250000	44,550000	12,979482	12,784283	12,979482
	19	41,250000	44,550000	13,035678	12,828133	13,035678
	20	41,250000	44,550000	13,091150	12,870535	13,091150
	21	41,250000	44,550000	13,148014	12,910364	13,148014
	22	41,250000	44,550000	13,203572	12,954731	13,203572
	23	41,250000	44,550000	13,259191	12,877315	13,259191
	24	41,250000	44,550000	13,317585	12,938546	13,317585
	25	41,250000	44,550000	13,373514	13,023684	13,373514
	26	41,250000	44,550000	13,429701	13,093185	13,429701
	27	41,250000	44,550000	13,429862	13,124439	13,429862
	28	41,250000	44,550000	13,542973	13,193098	13,542973
	29	41,250000	44,550000	13,598200	13,278786	13,598201
	30	41,250000	44,550000	13,656093	13,356929	13,656093
	31	41,250000	44,550000	13,712438	13,381160	13,712438
	32	41,250000	44,550000	13,769202	13,457887	13,769202
	33	41,250000	44,550000	13,825315	13,458353	13,825315
	34	41,250000	44,550000	13,937724	13,479963	13,937724
	35	41,250000	44,550000	13,938663	13,513734	13,938663
	36	41,250000	44,550000	13,995350	13,476822	13,995350
	37	41,250000	44,550000	14,052341	13,542748	14,052341
	38	41,250000	44,550000	14,109543	13,565253	14,109543
	39	41,250000	44,550000	14,165054	13,598246	14,165054
	40	41,250000	44,550000	14,168316	13,703214	14,168316
	41	41,250000	44,550000	14,225646	13,729477	14,225646
	42	41,250000	44,550000	14,283010	13,787323	14,283010
	43	41,250000	44,550000	14,397646	13,929682	14,392694
	44	41,250000	44,550000	14,398317	13,960289	14,398317
	45	41,250000	44,550000	14,463154	14,166545	14,458976
	46	41,250000	44,550000	14,521412	14,247640	14,521412
	47	41,250000	44,550000	14,585053	14,347144	14,584705
	48	41,250000	44,550000	14,647182	14,394218	14,631676
	49	41,250000	44,550000	14,649390	14,405463	14,649390
	50	41,250000	44,550000	14,714948	14,645598	14,714948
	51	41,250000	44,550000	14,776999	14,589217	14,776999
	52	41,250000	44,550000	14,844712	14,676584	14,844712
	53	41,250000	44,550000	16,123938	15,459515	16,097659
	54	41,250000	44,550000	16,235624	15,553902	16,209345
	55	41,250000	44,550000	16,458998	15,764785	16,358261
	56	41,250000	44,550000	16,458998	15,837026	16,395490
	57	41,250000	44,550000	16,570684	15,947645	16,507176
	58	41,250000	44,550000	16,682371	16,100572	16,581634
	59	41,250000	44,550000	16,682371	16,182764	16,618863
	60	41,250000	44,550000	16,794058	16,277070	16,693321
	61	41,250000	44,550000	16,905744	16,475629	16,842236
	62	41,250000	44,550000	16,905744	16,533266	16,879465
	63	41,250000	44,550000	16,905744	16,650669	16,905744
	64	41,250000	44,550000	17,017431	16,794628	17,017431
	65	41,250000	44,550000	17,017431	16,862911	17,017431
	66	41,250000	44,550000	17,017431	16,910394	17,017431
	67	41,250000	44,550000	17,129118	17,030783	17,129118
	68	41,250000	44,550000	17,129118	17,060774	17,129118
	69	41,250000	44,550000	17,129118	17,075453	17,129118
	70	41,250000	44,550000	17,129118	17,090194	17,129118
	71	41,250000	44,550000	17,129118	17,127570	17,129118
	72	41,250000	44,550000	17,129118	17,156369	17,129118
	73	41,250000	44,550000	17,129118	17,165517	17,129118
	74	41,250000	44,550000	17,129118	17,135833	17,129118
	75	41,250000	44,550000	17,240804	17,180400	17,240804
	76	41,250000	44,550000	17,240804	17,213900	17,240804
	77	41,250000	44,550000	17,240804	17,182782	17,240804
	78	41,250000	44,550000	17,240804	17,263488	17,240804
	79	41,250000	44,550000	17,240804	17,282321	17,240804
	80	41,250000	44,550000	17,240804	17,294284	17,240804
	81	41,250000	44,550000	17,352491	17,405862	17,352491
	82	41,250000	44,550000	17,352491	17,409108	17,352491
	83	41,250000	44,550000	17,615283	17,686711	17,615283
	84	41,250000	44,550000	17,615283	17,683210	17,615283
	85	41,250000	44,550000	17,615283	17,657782	17,615283
	86	41,250000	44,550000	17,615283	17,792956	17,615283
	87	41,250000	44,550000	17,671126	18,016949	17,671126
	88	41,250000	44,550000	17,671126	18,034744	17,671126
	89	41,250000	44,550000	17,671126	18,248893	17,708355
	90	41,250000	44,550000	17,671126	18,258233	17,708355
	91	41,250000	44,550000	17,671126	18,092526	17,671126
	92	41,250000	44,550000	17,726970	18,136202	17,726970
	93	41,250000	44,550000	17,726970	18,377196	17,764198
	94	41,250000	44,550000	17,726970	18,651026	18,365335
	95	41,250000	44,550000	17,726970	18,637266	18,383950
	96	41,250000	44,550000	17,782813	18,689265	18,439793
	97	41,250000	44,550000	19,753754	19,748815	19,753754
	98	41,250000	44,550000	19,865440	19,915510	19,865440
	99	41,250000	44,550000	19,921284	19,989984	19,921284
	100	41,250000	44,550000	20,032970	20,036980	20,032970
	101	41,250000	44,550000	20,144657	20,097133	20,144657
	102	41,250000	44,550000	20,312187	20,215981	20,312187
	103	41,250000	44,550000	20,423873	20,460028	20,423873
	104	41,250000	44,550000	20,591403	20,569850	20,591403
	105	41,250000	44,550000	20,758933	20,534282	20,758933
	106	41,250000	44,550000	20,926463	20,629309	20,926463
	107	41,250000	44,550000	21,149837	20,717974	20,791039
	108	41,250000	44,550000	19,776338	20,210736	19,799515
	109	41,250000	44,550000	19,789313	20,260494	19,813027
	110	41,250000	44,550000	19,809923	20,227976	19,826715
	111	41,250000	44,550000	19,822382	20,250928	19,834930
	112	41,250000	44,550000	19,841758	20,607031	20,579995
	113	41,250000	44,550000	19,858953	20,686929	20,647265
	114	41,250000	44,550000	19,858690	20,628213	20,702915
	115	41,250000	44,550000	19,888435	20,718683	20,778643
	116	41,250000	44,550000	22,726589	22,282090	22,689360
	117	41,250000	44,550000	22,782433	22,333610	22,763818
	118	41,250000	44,550000	22,894119	22,457116	22,875505
	119	41,250000	44,550000	22,949963	22,554922	22,931348
	120	41,250000	44,550000	23,117492	22,724376	23,098878
	121	41,250000	44,550000	23,229179	22,835348	23,191950
	122	41,250000	44,550000	23,340866	22,957502	23,303637
	123	41,250000	44,550000	23,508396	23,119633	23,452552
	124	41,250000	44,550000	26,445097	25,017223	25,428968
	125	41,250000	44,550000	26,500941	26,054669	26,497717
	126	41,250000	44,550000	26,500941	25,715091	26,445097
	127	41,250000	44,550000	26,500941	26,354698	26,500941
	128	41,250000	44,550000	26,556784	26,388457	26,556784
	129	41,250000	44,550000	26,556784	26,407556	26,556784
	130	41,250000	44,550000	26,612627	26,446685	26,612627
	131	41,250000	44,550000	26,668471	26,510693	26,668471
	132	41,250000	44,550000	26,668471	26,537571	26,668471
	133	41,250000	44,550000	26,668471	26,512489	26,668471
	134	41,250000	44,550000	26,724314	26,568233	26,724314
	135	41,250000	44,550000	26,780157	26,577607	26,780157
	136	41,250000	44,550000	26,780157	26,564336	26,780157
	137	41,250000	44,550000	26,836001	26,598356	26,836001
	138	41,250000	44,550000	26,836001	26,576333	26,836001
	139	41,250000	44,550000	26,891844	26,600077	26,860706
	140	41,250000	44,550000	26,891844	26,624189	26,879526
	141	41,250000	44,550000	26,947687	26,601424	26,901777
	142	41,250000	44,550000	26,947687	26,537298	26,910458
	143	41,250000	44,550000	26,947687	26,512530	26,910458
	144	41,250000	44,550000	27,003531	26,535588	26,933453
	145	41,250000	44,550000	27,016670	26,547969	26,942212
	146	41,250000	44,550000	27,016670	26,551658	26,942212
	147	41,250000	44,550000	27,128357	26,656618	27,053899
	148	41,250000	44,550000	27,128357	26,683126	27,053899
	149	41,250000	44,550000	27,240044	26,765552	27,128357
	150	41,250000	44,550000	27,240044	26,798361	27,165586
	151	41,250000	44,550000	27,351730	26,875344	27,240044
	152	41,250000	44,550000	27,351730	26,874616	27,240044
	153	41,250000	44,550000	27,351730	26,918591	27,277272
	154	41,250000	44,550000	27,463417	26,989004	27,388959
	155	41,250000	44,550000	27,463417	27,036988	27,426188
	156	41,250000	44,550000	27,575103	27,161796	27,537875
	157	41,250000	44,550000	27,686790	27,245851	27,612332
	158	41,250000	44,550000	27,798477	27,356339	27,724019
	159	41,250000	44,550000	27,910163	27,450730	27,835706
	160	41,250000	44,550000	27,910163	27,530686	27,872934
	161	41,250000	44,550000	28,021850	27,621682	27,984621
	162	41,250000	44,550000	28,133537	27,750625	28,096308
	163	41,250000	44,550000	28,245223	27,873974	28,207994
	164	41,250000	44,550000	28,468597	28,093339	28,431368
	165	41,250000	44,550000	28,580283	28,201931	28,543054
	166	41,250000	44,550000	28,691970	28,346550	28,691970
	167	41,250000	44,550000	28,915343	28,524183	28,878114
	168	41,250000	44,550000	29,027030	28,575134	28,989801
	169	41,250000	44,550000	29,250403	28,728801	29,213174
	170	41,250000	44,550000	29,362090	28,728525	29,324861
	171	41,250000	44,550000	29,473776	28,646795	29,379609
	172	41,250000	44,550000	29,526335	28,511186	29,012259
	173	41,250000	44,550000	29,526335	28,497713	29,013062
	174	41,250000	44,550000	28,159466	27,764007	28,104542
	175	41,250000	44,550000	28,152019	27,766274	28,097130
	176	41,250000	44,550000	28,140533	27,783981	28,104900
	177	41,250000	44,550000	28,128298	27,796354	28,075563
	178	41,250000	44,550000	28,122096	27,813334	28,069200
	179	41,250000	44,550000	28,116256	27,761868	28,063907
	180	41,250000	44,550000	28,111577	27,795756	28,060934
	181	41,250000	44,550000	28,111074	27,800964	28,061636
	182	41,250000	44,550000	28,107504	27,804310	28,060321
	183	41,250000	44,550000	28,113827	27,827896	28,076598
	184	41,250000	44,550000	28,113827	27,839113	28,095213
	185	41,250000	44,550000	28,169671	27,884777	28,151056
	186	41,250000	44,550000	28,169671	27,912449	28,151056
	187	41,250000	44,550000	28,225514	27,963024	28,206899
	188	41,250000	44,550000	28,225514	27,994560	28,206899
	189	41,250000	44,550000	28,281357	28,024799	28,262743

head rotation		COM-angle	COM x	COM y	Maximum-Line-Angle	Maximum position sorted by plane position				Maximum position (normalized)				Maximum intensity sorted by plane position				Maximum intensity (normalized)				position-intensity vector angle
	0	97,446912	5,092789	5,955692	-48,119403	0,550000	-1,100000	3,300000	-5,500000	0,250000	-0,500000	0,500000	-0,500000	52392,295897	31577,891949	34886,644877	15892,975560	0,500000	-0,224122	-0,201956	-0,500000	-63,434949	155,855941	21,994416	135,000000
	1	95,406789	5,095380	5,952793	-49,263521	0,550000	-1,100000	2,750000	-5,500000	0,250000	-0,500000	0,375000	-0,500000	52304,315057	31596,023749	34978,777507	16029,617650	0,497982	-0,223641	-0,194486	-0,495534	-63,342164	155,901892	27,412606	135,257021
	2	92,848063	5,092427	5,956097	-49,263521	0,550000	-1,100000	2,750000	-5,500000	0,250000	-0,500000	0,375000	-0,500000	51909,662860	31758,852282	35214,197044	16233,884887	0,488932	-0,219318	-0,175398	-0,488858	-62,918475	156,316017	25,066831	135,645550
	3	89,456525	5,096647	5,951374	-49,263521	0,550000	-1,100000	2,750000	-5,500000	0,250000	-0,500000	0,375000	-0,500000	51538,086393	32106,418395	35460,891963	16444,749993	0,480410	-0,210090	-0,155396	-0,481966	-62,508034	157,208805	22,508585	136,052106
	4	86,835123	5,095187	5,953009	-49,263521	0,550000	-1,100000	2,750000	-5,500000	0,250000	-0,500000	0,375000	-0,500000	51259,299429	32348,349597	35673,506879	16671,778170	0,474016	-0,203667	-0,138157	-0,474546	-62,192483	157,837255	20,224725	136,496130
	5	84,151199	5,096609	5,951418	-49,263521	0,550000	-1,100000	2,750000	-5,500000	0,250000	-0,500000	0,375000	-0,500000	51059,520040	32173,027029	35589,242593	16853,308234	0,469435	-0,208322	-0,144989	-0,468614	-61,962230	157,381261	21,138379	136,855934
	6	81,463276	5,100360	5,947220	-49,263521	0,550000	-1,100000	2,750000	-5,500000	0,250000	-0,500000	0,375000	-0,500000	50722,641321	32329,216208	35850,111505	16999,779892	0,461709	-0,204175	-0,123838	-0,463826	-61,565935	157,787346	18,274962	137,149372
	7	79,745257	5,097527	5,950390	-49,263521	0,550000	-1,100000	2,750000	-5,500000	0,250000	-0,500000	0,375000	-0,500000	50240,871617	32490,632423	36020,971522	17207,469777	0,450660	-0,199890	-0,109984	-0,457039	-60,981049	158,209506	16,345938	137,570284
	8	75,888704	5,097757	5,950132	-49,263521	0,550000	-1,100000	2,750000	-5,500000	0,250000	-0,500000	0,375000	-0,500000	49664,052812	32524,773880	36094,300770	17418,653854	0,437432	-0,198983	-0,104039	-0,450136	-60,251275	158,299119	15,505932	138,004153
	9	73,446444	5,100810	5,946716	-53,043987	0,550000	-0,550000	2,750000	-5,500000	0,250000	-0,375000	0,375000	-0,500000	49212,837869	32612,782514	36319,011080	17570,370161	0,427084	-0,196646	-0,085819	-0,445178	-59,656787	152,327905	12,890174	138,319546
	10	69,978522	5,103725	5,943454	-53,043987	0,550000	-0,550000	2,750000	-5,500000	0,250000	-0,375000	0,375000	-0,500000	48628,401516	32840,081988	36549,358317	17832,210095	0,413681	-0,190612	-0,067142	-0,436620	-58,854143	153,055858	10,150984	138,871227
	11	68,706389	5,109029	5,937518	-53,043987	0,550000	-0,550000	2,750000	-5,500000	0,250000	-0,375000	0,375000	-0,500000	48394,021912	33054,342285	36677,967732	17931,899960	0,408306	-0,184923	-0,056714	-0,433362	-58,521430	153,750772	8,600122	139,083740
	12	65,671009	5,102555	5,944763	-53,043987	0,550000	-0,550000	2,750000	-5,500000	0,250000	-0,375000	0,375000	-0,500000	47352,226730	33172,927717	36586,666530	18103,360618	0,384414	-0,181775	-0,064117	-0,427758	-56,962395	154,139003	9,702538	139,452470
	13	63,968186	5,104195	5,942927	-53,043987	0,550000	-0,550000	2,750000	-5,500000	0,250000	-0,375000	0,375000	-0,500000	46812,060111	33492,981591	36832,438976	18306,361536	0,372026	-0,173278	-0,044190	-0,421124	-56,099037	155,199593	6,720673	139,894340
	14	60,699149	5,106955	5,939840	-53,043987	0,550000	-0,550000	2,750000	-5,500000	0,250000	-0,375000	0,375000	-0,500000	45805,071981	33787,767173	36929,863855	18469,356718	0,348932	-0,165451	-0,036290	-0,415796	-54,379463	156,192784	5,527529	140,253336
	15	57,563628	5,116359	5,929316	-53,043987	0,550000	-0,550000	2,750000	-5,500000	0,250000	-0,375000	0,375000	-0,500000	45170,123094	33939,695976	36945,180741	18638,349959	0,334370	-0,161417	-0,035048	-0,410273	-53,215497	156,710703	5,339481	140,629534
	16	55,314110	5,119555	5,925739	-53,043987	0,550000	-0,550000	2,750000	-5,500000	0,250000	-0,375000	0,375000	-0,500000	44443,849496	34128,861098	37133,460945	18789,847354	0,317714	-0,156395	-0,019782	-0,405322	-51,801848	157,361231	3,019729	140,970268
	17	53,678543	5,118496	5,926924	-53,043987	0,550000	-0,550000	2,750000	-5,500000	0,250000	-0,375000	0,375000	-0,500000	43663,547678	34369,460638	37242,969103	18939,807212	0,299819	-0,150007	-0,010903	-0,400421	-50,177458	158,197615	1,665443	141,310810
	18	51,393473	5,121080	5,924033	-53,043987	0,550000	-0,550000	2,750000	-5,500000	0,250000	-0,375000	0,375000	-0,500000	42631,683318	34775,781226	37440,348938	19110,886018	0,276155	-0,139220	0,005100	-0,394829	-47,845826	159,632420	-0,779232	141,703309
	19	49,278112	5,120587	5,924585	-53,043987	0,550000	-0,550000	2,750000	-5,500000	0,250000	-0,375000	0,375000	-0,500000	41836,553045	34837,073181	37492,629592	19321,119602	0,257920	-0,137592	0,009339	-0,387958	-45,893344	159,851241	-1,426652	142,191521
	20	47,453043	5,125684	5,918880	-56,260899	0,550000	0,000000	2,750000	-5,500000	0,250000	-0,250000	0,375000	-0,500000	40956,631775	35187,496649	37549,668452	19447,261264	0,237740	-0,128289	0,013964	-0,383836	-43,560140	152,835120	-2,132573	142,487589
	21	45,715281	5,122333	5,922630	-56,260899	0,550000	0,000000	2,750000	-5,500000	0,250000	-0,250000	0,375000	-0,500000	39900,760780	35444,260283	37578,492846	19640,197205	0,213526	-0,121472	0,016301	-0,377530	-40,500714	154,085453	-2,489076	142,945014
	22	43,564397	5,126620	5,917833	-56,260899	0,550000	0,000000	2,750000	-5,500000	0,250000	-0,250000	0,375000	-0,500000	38906,208722	35824,794212	37615,678973	19779,247303	0,190717	-0,111369	0,019316	-0,372985	-37,338853	155,988192	-2,948708	143,278141
	23	41,695692	5,131196	5,912712	-56,260899	0,550000	0,000000	2,750000	-5,500000	0,250000	-0,250000	0,375000	-0,500000	38213,774380	36183,870330	37621,666879	19881,171409	0,174837	-0,101836	0,019802	-0,369654	-34,966953	157,836851	-3,022687	143,524175
	24	40,414213	5,130740	5,913223	-56,260899	0,550000	0,000000	2,750000	-5,500000	0,250000	-0,250000	0,375000	-0,500000	37310,838341	36586,189438	37646,964787	19943,456088	0,154130	-0,091154	0,021853	-0,367619	-31,654598	159,967298	-3,335119	143,675297
	25	38,556239	5,138036	5,905058	-56,260899	0,550000	0,000000	2,750000	-5,500000	0,250000	-0,250000	0,375000	-0,500000	36565,237445	36821,044164	37591,421004	20126,337644	0,137030	-0,084919	0,017349	-0,361641	-28,728096	161,238631	-2,648911	144,122430
	26	37,100873	5,139115	5,903851	-57,054148	0,550000	0,000000	2,200000	-5,500000	0,250000	-0,250000	0,250000	-0,500000	35698,882968	37234,122506	37598,641102	20272,416007	0,117162	-0,073952	0,017935	-0,356867	-25,110016	163,521396	-4,103337	144,483248
	27	36,021065	5,142164	5,900439	-57,054148	0,550000	0,000000	2,200000	-5,500000	0,250000	-0,250000	0,250000	-0,500000	35200,578297	37574,727533	37806,456711	20319,645637	0,105734	-0,064909	0,034785	-0,355324	-22,925250	165,445339	-7,921222	144,600606
	28	33,737791	5,150842	5,890728	-57,054148	0,550000	0,000000	2,200000	-5,500000	0,250000	-0,250000	0,250000	-0,500000	34204,820334	37891,428235	37583,115520	20452,137347	0,082898	-0,056501	0,016676	-0,350993	-18,345065	167,264953	-3,816211	144,931657
	29	32,338111	5,155627	5,885372	-57,054148	0,550000	0,000000	2,200000	-5,500000	0,250000	-0,250000	0,250000	-0,500000	33254,103191	38497,674762	37820,135729	20613,859156	0,061095	-0,040405	0,035894	-0,345708	-13,732683	170,819232	-8,170430	145,339414
	30	31,093004	5,157126	5,883695	-57,054148	0,550000	0,000000	2,200000	-5,500000	0,250000	-0,250000	0,250000	-0,500000	32420,868767	38755,648166	37764,383502	20636,784888	0,041986	-0,033556	0,031373	-0,344959	-9,533418	172,355230	-7,152864	145,397545
	31	30,014870	5,159838	5,880660	-57,814894	1,100000	0,000000	2,200000	-5,500000	0,500000	-0,250000	0,250000	-0,500000	31751,070424	39261,304779	37736,655429	20711,018838	0,026625	-0,020131	0,029125	-0,342532	-3,048093	175,396249	-6,645048	145,586335
	32	28,831247	5,161195	5,879141	-54,861645	1,100000	0,000000	2,200000	-4,950000	0,500000	-0,250000	0,250000	-0,416667	30989,337829	39730,198751	37849,838122	20870,620305	0,009156	-0,007682	0,038302	-0,337316	-1,049034	178,239956	-8,710476	141,007801
	33	27,855794	5,164638	5,875289	-54,861645	1,100000	0,000000	2,200000	-4,950000	0,500000	-0,250000	0,250000	-0,416667	30361,642378	40217,613195	37859,729303	21017,142594	-0,005240	0,005259	0,039104	-0,332527	0,600401	-178,794997	-8,889976	141,407838
	34	26,996732	5,166034	5,873726	-57,814894	1,100000	0,550000	2,200000	-4,950000	0,500000	-0,125000	0,250000	-0,416667	29717,938075	40620,571739	37692,697592	21214,891019	-0,020002	0,015957	0,025561	-0,326064	2,290846	-172,725208	-5,837875	141,954888
	35	26,080206	5,168334	5,871153	-57,814894	1,100000	0,550000	2,200000	-4,950000	0,500000	-0,125000	0,250000	-0,416667	29137,312750	41260,060460	37637,515811	21348,365582	-0,033318	0,032935	0,021087	-0,321702	3,812305	-165,239122	-4,821340	142,328817
	36	25,287275	5,172436	5,866563	-57,814894	1,100000	0,550000	2,200000	-4,950000	0,500000	-0,125000	0,250000	-0,416667	28658,719018	41769,755136	37597,090087	21414,678608	-0,044294	0,046467	0,017809	-0,319535	5,062462	-159,607961	-4,074662	142,516006
	37	24,453634	5,176175	5,862379	-57,814894	1,100000	0,550000	2,200000	-4,950000	0,500000	-0,125000	0,250000	-0,416667	28122,045324	42411,315262	37493,972839	21589,628026	-0,056601	0,063500	0,009448	-0,313817	6,458553	-153,069261	-2,164351	143,014389
	38	23,405611	5,182338	5,855482	-57,814894	1,100000	0,550000	2,200000	-4,950000	0,500000	-0,125000	0,250000	-0,416667	27430,614501	43048,539461	37308,049921	21679,725534	-0,072458	0,080419	-0,005627	-0,310872	8,245714	-147,244877	1,289294	143,273630
	39	22,458700	5,192138	5,844515	-57,814894	1,100000	0,550000	2,200000	-4,950000	0,500000	-0,125000	0,250000	-0,416667	26954,219918	43682,254142	37392,922966	21849,956613	-0,083384	0,097243	0,001255	-0,305309	9,467943	-142,118979	-0,287630	143,768258
	40	21,841790	5,189990	5,846918	-57,814894	1,100000	0,550000	2,200000	-4,950000	0,500000	-0,125000	0,250000	-0,416667	26380,857599	44493,435315	37154,757305	21945,381629	-0,096533	0,118780	-0,018056	-0,302190	10,927413	-136,461602	4,130882	144,048296
	41	21,236095	5,193812	5,842641	-57,814894	1,100000	0,550000	2,200000	-4,950000	0,500000	-0,125000	0,250000	-0,416667	25903,826659	44904,062728	37028,409058	21995,182995	-0,107473	0,129682	-0,028300	-0,300562	12,130915	-133,946839	6,458414	144,195239
	42	20,296325	5,202063	5,833408	-57,814894	1,100000	0,550000	2,200000	-4,950000	0,500000	-0,125000	0,250000	-0,416667	25390,674104	45632,778764	36907,034404	22147,813493	-0,119241	0,149029	-0,038141	-0,295574	13,413500	-129,988682	8,674449	144,648992
	43	19,806912	5,202290	5,833154	-54,861645	1,100000	0,550000	2,200000	-4,400000	0,500000	-0,125000	0,250000	-0,333333	24948,388528	46500,397025	36888,727703	22268,495503	-0,129384	0,172064	-0,039626	-0,291629	14,508126	-125,997445	9,006595	138,817697
	44	19,407424	5,204123	5,831103	-55,713123	1,100000	0,550000	1,650000	-4,400000	0,500000	-0,125000	0,125000	-0,333333	24425,861590	47212,711279	36900,770860	22340,340608	-0,141368	0,190976	-0,038649	-0,289281	15,787488	-123,206117	17,181248	139,047115
	45	19,041871	5,202317	5,833123	-55,713123	1,100000	0,550000	1,650000	-4,400000	0,500000	-0,125000	0,125000	-0,333333	23972,537315	47988,570980	36828,847239	22497,376379	-0,151764	0,211574	-0,044481	-0,284149	16,884526	-120,574979	19,587908	139,554170
	46	17,931392	5,215926	5,817895	-55,713123	1,100000	0,550000	1,650000	-4,400000	0,500000	-0,125000	0,125000	-0,333333	23462,498063	48804,675315	36792,219587	22759,696437	-0,163461	0,233242	-0,047451	-0,275576	18,103718	-118,187979	20,786994	140,418550
	47	17,507277	5,216669	5,817064	-55,713123	1,100000	0,550000	1,650000	-4,400000	0,500000	-0,125000	0,125000	-0,333333	23050,608149	49512,673917	36859,179790	22951,238848	-0,172907	0,252039	-0,042021	-0,269315	19,076120	-116,379381	18,581155	141,063651
	48	16,784981	5,224296	5,808528	-55,713123	1,100000	0,550000	1,650000	-4,400000	0,500000	-0,125000	0,125000	-0,333333	22663,439369	50028,704232	36717,939104	22959,652319	-0,181786	0,265739	-0,053473	-0,269040	19,979880	-115,191657	23,160586	141,092260
	49	16,577113	5,223855	5,809022	-55,713123	1,100000	0,550000	1,650000	-4,400000	0,500000	-0,125000	0,125000	-0,333333	22272,319556	50975,377035	36922,605179	23133,122267	-0,190756	0,290873	-0,036879	-0,263371	20,882457	-113,255191	16,437657	141,687284
	50	15,968622	5,228922	5,803352	-55,713123	1,100000	0,550000	1,650000	-4,400000	0,500000	-0,125000	0,125000	-0,333333	21840,494103	51925,425455	36989,181950	23328,776969	-0,200659	0,316096	-0,031481	-0,256976	21,866510	-111,576287	14,135717	142,370323
	51	15,924399	5,226518	5,806042	-55,713123	1,100000	0,550000	1,650000	-4,400000	0,500000	-0,125000	0,125000	-0,333333	21537,272160	52508,009038	37067,796479	23479,344277	-0,207613	0,331563	-0,025107	-0,252055	22,549519	-110,656530	11,356880	142,904660
	52	15,339684	5,234048	5,797615	-55,713123	1,100000	0,550000	1,650000	-4,400000	0,500000	-0,125000	0,125000	-0,333333	21291,965668	52983,841180	37088,013232	23462,949252	-0,213239	0,344197	-0,023467	-0,252591	23,097179	-109,959226	10,632870	142,846108
	53	14,965749	5,236475	5,794899	-55,713123	1,100000	0,550000	1,650000	-4,400000	0,500000	-0,125000	0,125000	-0,333333	20904,556885	53649,682751	37050,454928	23549,896867	-0,222124	0,361874	-0,026513	-0,249750	23,953052	-109,056125	11,975017	143,157665
	54	14,616226	5,239213	5,791835	-55,713123	1,100000	0,550000	1,650000	-4,400000	0,500000	-0,125000	0,125000	-0,333333	20654,360895	54129,311173	37038,879509	23638,632814	-0,227861	0,374608	-0,027451	-0,246849	24,499843	-108,452917	12,386061	143,478270
	55	14,294617	5,239614	5,791386	-55,713123	1,100000	0,550000	1,650000	-4,400000	0,500000	-0,125000	0,125000	-0,333333	20142,878595	54792,858792	37068,278771	23779,558312	-0,239592	0,392225	-0,025067	-0,242244	25,602953	-107,676790	11,339650	143,992948
	56	13,985997	5,242696	5,787937	-51,402217	0,550000	0,550000	1,650000	-3,850000	0,250000	-0,125000	0,125000	-0,250000	20012,607516	55171,211634	37045,604788	23924,102200	-0,242579	0,402270	-0,026906	-0,237519	44,136884	-107,261915	12,147401	136,466462
	57	13,677884	5,245365	5,784951	-51,402217	0,550000	0,550000	1,650000	-3,850000	0,250000	-0,125000	0,125000	-0,250000	19845,608482	55517,237733	37118,461092	24049,942365	-0,246409	0,411457	-0,020999	-0,233407	44,585531	-106,898692	9,536013	136,965962
	58	13,317815	5,248820	5,781085	-49,263521	-0,550000	0,550000	1,650000	-3,850000	-0,250000	-0,125000	0,125000	-0,250000	19647,805056	55930,303777	37155,556605	24116,518834	-0,250945	0,422424	-0,017991	-0,231231	134,891880	-106,484078	8,190160	137,233560
	59	13,113493	5,250461	5,779248	-49,263521	-0,550000	0,550000	1,650000	-3,850000	-0,250000	-0,125000	0,125000	-0,250000	19491,820819	56307,659730	36985,079165	24281,460032	-0,254523	0,432443	-0,031813	-0,225840	134,486411	-106,122240	14,279011	137,906613
	60	12,785260	5,253976	5,775314	-49,263521	-0,550000	0,550000	1,650000	-3,850000	-0,250000	-0,125000	0,125000	-0,250000	19345,056944	56610,991344	37025,305096	24410,996963	-0,257888	0,440496	-0,028552	-0,221606	134,110170	-105,842408	12,866443	138,445414
	61	12,557021	5,254632	5,774581	-49,263521	-0,550000	0,550000	1,650000	-3,850000	-0,250000	-0,125000	0,125000	-0,250000	19170,530828	57030,215107	37071,095716	24545,391128	-0,261891	0,451626	-0,024839	-0,217214	133,669298	-105,470896	11,238971	139,014075
	62	12,284206	5,256901	5,772042	-49,263521	-0,550000	0,550000	1,650000	-3,850000	-0,250000	-0,125000	0,125000	-0,250000	19020,653964	57295,987792	37073,625963	24717,958740	-0,265328	0,458682	-0,024634	-0,211574	133,296280	-105,244053	11,148479	139,758912
	63	12,020509	5,259532	5,769097	-49,263521	-0,550000	0,550000	1,650000	-3,850000	-0,250000	-0,125000	0,125000	-0,250000	18857,864268	57626,478831	37039,243256	24798,214819	-0,269061	0,467457	-0,027422	-0,208951	132,896882	-104,970875	12,373164	140,111004
	64	12,047899	5,256363	5,772644	-49,263521	-0,550000	0,550000	1,650000	-3,850000	-0,250000	-0,125000	0,125000	-0,250000	18721,095823	57915,581273	37042,695292	24997,072353	-0,272198	0,475132	-0,027142	-0,202452	132,565894	-104,739638	12,250703	140,999222
	65	11,621870	5,262952	5,765270	-50,356942	-0,550000	0,550000	1,100000	-3,850000	-0,250000	-0,125000	0,000000	-0,250000	18559,254841	58050,032120	37073,296732	25061,029746	-0,275910	0,478702	-0,024661	-0,200361	132,179536	-104,634461	90,000000	141,289735
	66	11,511354	5,262797	5,765443	-50,356942	-0,550000	0,550000	1,100000	-3,850000	-0,250000	-0,125000	0,000000	-0,250000	18379,136164	58206,820804	37195,709449	25257,337182	-0,280040	0,482865	-0,014735	-0,193945	131,756202	-104,513650	90,000000	142,196345
	67	11,176622	5,268170	5,759431	-50,356942	-0,550000	0,550000	1,100000	-3,850000	-0,250000	-0,125000	0,000000	-0,250000	18243,056036	58431,372024	37257,481730	25291,806838	-0,283161	0,488826	-0,009727	-0,192819	131,440951	-104,343987	90,000000	142,357881
	68	11,048823	5,269055	5,758440	-46,092703	-0,550000	0,550000	1,100000	-3,300000	-0,250000	-0,125000	0,000000	-0,166667	18131,541629	58483,655222	37369,749252	25337,673750	-0,285719	0,490214	-0,000624	-0,191320	131,185505	-104,305040	90,000000	131,060485
	69	11,061145	5,266732	5,761040	-46,092703	-0,550000	0,550000	1,100000	-3,300000	-0,250000	-0,125000	0,000000	-0,166667	17961,528019	58579,056748	37349,553953	25382,303947	-0,289618	0,492747	-0,002261	-0,189861	130,801005	-104,234504	90,000000	131,277778
	70	10,845588	5,269746	5,757667	-46,092703	-0,550000	0,550000	1,100000	-3,300000	-0,250000	-0,125000	0,000000	-0,166667	17833,716475	58733,402746	37700,088968	25584,264165	-0,292549	0,496845	0,026160	-0,183260	130,515830	-104,121817	-90,000000	132,285022
	71	10,515290	5,274697	5,752126	-44,800364	-1,100000	0,550000	1,100000	-3,300000	-0,500000	-0,125000	0,000000	-0,166667	17631,400899	58794,130019	37873,985171	25694,670298	-0,297188	0,498457	0,040260	-0,179652	149,273725	-104,077959	-90,000000	132,852665
	72	10,522854	5,272470	5,754619	-44,800364	-1,100000	0,550000	1,100000	-3,300000	-0,500000	-0,125000	0,000000	-0,166667	17470,738429	58765,665603	37999,763971	25879,708907	-0,300873	0,497702	0,050458	-0,173605	148,962740	-104,098483	-90,000000	133,831950
	73	10,163242	5,278979	5,747335	-44,800364	-1,100000	0,550000	1,100000	-3,300000	-0,500000	-0,125000	0,000000	-0,166667	17315,127297	58852,234795	38173,601683	26029,189999	-0,304442	0,500000	0,064553	-0,168719	148,663455	-104,036243	-90,000000	134,649389
	74	10,033506	5,280904	5,745180	-44,800364	-1,100000	0,550000	1,100000	-3,300000	-0,500000	-0,125000	0,000000	-0,166667	17221,766989	58811,075617	38204,310604	26136,004208	-0,306583	0,498907	0,067043	-0,165228	148,484805	-104,065768	-90,000000	135,248354
	75	9,843550	5,283784	5,741958	-44,800364	-1,100000	0,550000	1,100000	-3,300000	-0,500000	-0,125000	0,000000	-0,166667	17167,024578	58828,851809	38402,366055	26247,427181	-0,307838	0,499379	0,083102	-0,161586	148,380369	-104,053002	-90,000000	135,886678
	76	9,977232	5,279208	5,747079	-44,800364	-1,100000	0,550000	1,100000	-3,300000	-0,500000	-0,125000	0,000000	-0,166667	17020,507790	58716,996955	38495,162814	26327,732245	-0,311198	0,496409	0,090626	-0,158962	148,101999	-104,133712	-90,000000	136,355453
	77	9,785552	5,282440	5,743461	-44,800364	-1,100000	0,550000	1,100000	-3,300000	-0,500000	-0,125000	0,000000	-0,166667	16936,156125	58674,096121	38566,374972	26367,670828	-0,313133	0,495270	0,096400	-0,157656	147,942496	-104,164909	-90,000000	136,591353
	78	9,475182	5,288265	5,736943	-44,800364	-1,100000	0,550000	1,100000	-3,300000	-0,500000	-0,125000	0,000000	-0,166667	16723,445644	58545,581808	38866,130442	26510,630698	-0,318011	0,491858	0,120704	-0,152984	147,542737	-104,259176	-90,000000	137,451026
	79	9,349645	5,290033	5,734964	-46,092703	-0,550000	0,550000	1,100000	-3,300000	-0,250000	-0,125000	0,000000	-0,166667	16640,989627	58468,760982	39010,247392	26729,599780	-0,319902	0,489819	0,132389	-0,145828	128,007241	-104,316114	-90,000000	138,815192
	80	9,501207	5,285573	5,739956	-44,800364	-1,100000	0,550000	1,100000	-3,300000	-0,500000	-0,125000	0,000000	-0,166667	16597,644034	58097,399406	39127,424478	26903,884380	-0,320896	0,479959	0,141890	-0,140131	147,307966	-104,597756	-90,000000	139,943253
	81	9,501888	5,284444	5,741219	-46,092703	-0,550000	0,550000	1,100000	-3,300000	-0,250000	-0,125000	0,000000	-0,166667	16371,057931	57807,427411	39078,618710	26794,207572	-0,326093	0,472261	0,137933	-0,143716	127,475706	-104,825322	-90,000000	139,228928
	82	8,940383	5,296905	5,727275	-46,092703	-0,550000	0,550000	1,100000	-3,300000	-0,250000	-0,125000	0,000000	-0,166667	16324,714474	57821,560592	39020,901356	26939,511295	-0,327155	0,472636	0,133253	-0,138967	127,385722	-104,814070	-90,000000	140,178569
	83	9,109271	5,292017	5,732744	-41,050434	-0,550000	0,550000	1,100000	-2,750000	-0,250000	-0,125000	0,000000	-0,083333	16112,773756	57470,321508	39053,930414	26978,276499	-0,332016	0,463311	0,135931	-0,137700	126,978869	-105,098750	-90,000000	121,181480
	84	9,025471	5,293796	5,730754	-41,050434	-0,550000	0,550000	1,100000	-2,750000	-0,250000	-0,125000	0,000000	-0,083333	16102,495468	57293,326920	39148,763838	27091,564974	-0,332252	0,458612	0,143620	-0,133998	126,959331	-105,246292	-90,000000	121,877566
	85	8,869466	5,297403	5,726717	-41,050434	-0,550000	0,550000	1,100000	-2,750000	-0,250000	-0,125000	0,000000	-0,083333	16040,671836	57086,870312	38942,397182	27049,481443	-0,333669	0,453130	0,126888	-0,135373	126,842184	-105,421989	-90,000000	121,615763
	86	8,852530	5,297334	5,726795	-41,050434	-0,550000	0,550000	1,100000	-2,750000	-0,250000	-0,125000	0,000000	-0,083333	15864,917734	56778,999085	38989,441890	27204,552399	-0,337700	0,444956	0,130702	-0,130305	126,512614	-105,691453	-90,000000	122,599988
	87	8,689073	5,301315	5,722340	-41,050434	-0,550000	0,550000	1,100000	-2,750000	-0,250000	-0,125000	0,000000	-0,083333	15801,235908	56355,771670	38927,661989	27312,185042	-0,339161	0,433720	0,125693	-0,126787	126,394449	-106,077215	-90,000000	123,315728
	88	8,776988	5,298287	5,725728	-41,050434	-0,550000	0,550000	1,100000	-2,750000	-0,250000	-0,125000	0,000000	-0,083333	15728,859995	55399,422286	38884,863161	27427,717213	-0,340820	0,408329	0,122223	-0,123011	126,260949	-107,020685	-90,000000	124,115508
	89	8,656403	5,300619	5,723118	-41,050434	-0,550000	0,550000	1,100000	-2,750000	-0,250000	-0,125000	0,000000	-0,083333	15640,666222	54835,584854	38860,705867	27612,647815	-0,342843	0,393360	0,120264	-0,116967	126,099412	-107,628975	-90,000000	125,468031
	90	8,572217	5,302574	5,720931	-41,050434	-0,550000	0,550000	1,100000	-2,750000	-0,250000	-0,125000	0,000000	-0,083333	15594,244714	54435,817453	38785,081872	27701,826686	-0,343908	0,382746	0,114133	-0,114052	126,014884	-108,086384	-90,000000	126,154044
	91	8,694969	5,299333	5,724558	-41,050434	-0,550000	0,550000	1,100000	-2,750000	-0,250000	-0,125000	0,000000	-0,083333	15493,580785	53502,383487	38809,826729	27604,638824	-0,346216	0,357964	0,116139	-0,117229	125,832759	-109,249070	-90,000000	125,407527
	92	8,613450	5,301458	5,722179	-41,050434	-0,550000	0,550000	1,100000	-2,750000	-0,250000	-0,125000	0,000000	-0,083333	15475,457109	52814,927333	38678,199704	27731,738787	-0,346632	0,339712	0,105467	-0,113075	125,800138	-110,201532	-90,000000	126,389302
	93	8,562523	5,302255	5,721288	-36,818934	-0,550000	0,550000	0,550000	-2,200000	-0,250000	-0,125000	-0,125000	0,000000	15388,976800	52102,244021	38867,828587	27809,262800	-0,348615	0,320791	0,120842	-0,110541	125,645189	-111,288989	-135,969012	90,000000
	94	8,344920	5,307090	5,715878	-42,510447	-0,550000	0,550000	0,550000	-2,750000	-0,250000	-0,125000	-0,125000	-0,083333	15341,714398	51330,863399	39123,765483	27970,969113	-0,349699	0,300311	0,141593	-0,105256	125,560998	-112,598814	-131,438365	128,369372
	95	8,458693	5,304522	5,718751	-42,510447	-0,550000	1,100000	0,550000	-2,200000	-0,250000	0,000000	-0,125000	0,000000	15278,047034	50838,384390	39161,202870	28042,689136	-0,351159	0,287236	0,144629	-0,102912	125,448130	-90,000000	-130,836233	90,000000
	96	8,488591	5,303766	5,719596	-42,510447	-0,550000	1,100000	0,550000	-2,200000	-0,250000	0,000000	-0,125000	0,000000	15181,440643	50445,234760	39376,903209	28135,191472	-0,353375	0,276798	0,162118	-0,099889	125,278052	-90,000000	-127,633766	90,000000
	97	8,217954	5,310316	5,712267	-42,510447	-0,550000	1,100000	0,550000	-2,200000	-0,250000	0,000000	-0,125000	0,000000	15073,558116	49628,310360	39767,475883	28144,527210	-0,355849	0,255109	0,193786	-0,099584	125,089795	-90,000000	-122,823680	90,000000
	98	8,571109	5,302108	5,721452	-42,510447	-0,550000	1,100000	0,550000	-2,200000	-0,250000	0,000000	-0,125000	0,000000	14984,863605	49303,772031	39875,648942	28243,420614	-0,357883	0,246492	0,202557	-0,096352	124,936328	-90,000000	-121,679177	90,000000
	99	8,307881	5,308567	5,714224	-42,510447	-0,550000	1,100000	0,550000	-2,200000	-0,250000	0,000000	-0,125000	0,000000	14995,436669	48670,675213	40027,533822	28345,749048	-0,357640	0,229684	0,214872	-0,093007	124,954561	-90,000000	-120,188367	90,000000
	100	8,294864	5,309246	5,713464	-42,510447	-0,550000	1,100000	0,550000	-2,200000	-0,250000	0,000000	-0,125000	0,000000	14967,095280	48070,127900	40253,519279	28495,172679	-0,358290	0,213740	0,233195	-0,088124	124,905725	-90,000000	-118,192740	90,000000
	101	8,196703	5,310865	5,711653	-42,510447	-0,550000	1,100000	0,550000	-2,200000	-0,250000	0,000000	-0,125000	0,000000	14884,860551	47431,960279	40457,204727	28611,088544	-0,360176	0,196796	0,249710	-0,084335	124,764695	-90,000000	-116,591663	90,000000
	102	8,274371	5,309668	5,712992	-42,510447	-0,550000	1,100000	0,550000	-2,200000	-0,250000	0,000000	-0,125000	0,000000	14776,037953	46842,488953	40661,484670	28669,975850	-0,362672	0,181146	0,266273	-0,082410	124,579594	-90,000000	-115,147364	90,000000
	103	8,269466	5,310049	5,712566	-42,510447	-0,550000	1,100000	0,550000	-2,200000	-0,250000	0,000000	-0,125000	0,000000	14707,838183	46210,132080	40812,679944	28603,597569	-0,364236	0,164357	0,278532	-0,084580	124,464467	-90,000000	-114,169640	90,000000
	104	8,268998	5,310137	5,712468	-42,510447	-0,550000	1,100000	0,550000	-2,200000	-0,250000	0,000000	-0,125000	0,000000	14674,068827	45509,470417	40942,574306	28746,634874	-0,365010	0,145755	0,289064	-0,079905	124,407710	-90,000000	-113,385097	90,000000
	105	8,092308	5,315075	5,706942	-42,510447	-0,550000	1,100000	0,550000	-2,200000	-0,250000	0,000000	-0,125000	0,000000	14578,956512	44874,190548	40984,599582	28687,428689	-0,367192	0,128889	0,292472	-0,081840	124,248730	-90,000000	-113,141468	90,000000
	106	8,111897	5,315219	5,706780	-42,510447	-0,550000	1,100000	0,550000	-2,200000	-0,250000	0,000000	-0,125000	0,000000	14540,370855	44165,136224	41229,335922	28891,500274	-0,368077	0,110064	0,312315	-0,075170	124,184601	-90,000000	-111,813104	90,000000
	107	8,057948	5,316719	5,705101	-42,510447	-0,550000	1,100000	0,550000	-2,200000	-0,250000	0,000000	-0,125000	0,000000	14487,147752	43362,429489	41351,965601	28956,059491	-0,369297	0,088752	0,322258	-0,073060	124,096491	-90,000000	-111,200670	90,000000
	108	7,769509	5,323694	5,697296	-42,510447	-0,550000	1,100000	0,550000	-2,200000	-0,250000	0,000000	-0,125000	0,000000	14368,382577	42503,864199	41484,133181	28960,070853	-0,372021	0,065958	0,332974	-0,072929	123,901310	-90,000000	-110,576352	90,000000
	109	7,662356	5,326927	5,693678	-42,510447	-0,550000	1,100000	0,550000	-2,200000	-0,250000	0,000000	-0,125000	0,000000	14269,752963	41883,429508	41567,251233	28948,776664	-0,374283	0,049485	0,339714	-0,073298	123,740711	-90,000000	-110,201444	90,000000
	110	7,830557	5,323455	5,697563	-36,818934	-0,550000	1,100000	0,550000	-1,650000	-0,250000	0,000000	-0,125000	0,083333	14230,320438	41076,755041	41690,075321	29013,243248	-0,375187	0,028068	0,349672	-0,071191	123,676877	-90,000000	-109,670829	40,507193
	111	7,634326	5,328144	5,692317	-36,818934	-0,550000	1,100000	0,550000	-1,650000	-0,250000	0,000000	-0,125000	0,083333	14159,421896	40422,199918	41805,204891	29199,258605	-0,376813	0,010690	0,359007	-0,065112	123,562641	-90,000000	-109,197223	38,002060
	112	7,984728	5,321022	5,700287	-36,818934	-0,550000	1,100000	0,550000	-1,650000	-0,250000	0,000000	-0,125000	0,083333	14156,805266	40007,060358	41756,868250	29187,493548	-0,376873	-0,000331	0,355088	-0,065496	123,558438	90,000000	-109,393366	38,165850
	113	7,404043	5,335010	5,684633	-36,818934	-0,550000	1,100000	0,550000	-1,650000	-0,250000	0,000000	-0,125000	0,083333	14006,583846	39012,985162	41881,312559	29255,343692	-0,380318	-0,026724	0,365178	-0,063279	123,318693	90,000000	-108,896014	37,211120
	114	7,690638	5,328689	5,691706	-36,818934	-0,550000	1,100000	0,550000	-1,650000	-0,250000	0,000000	-0,125000	0,083333	13929,742816	38114,628676	41991,720426	29436,445575	-0,382080	-0,050575	0,374130	-0,057360	123,197227	90,000000	-108,474910	34,540415
	115	7,315022	5,338605	5,680610	-30,137546	-0,550000	1,100000	0,550000	-1,100000	-0,250000	0,000000	-0,125000	0,166667	13812,976131	37433,916250	41839,308467	29549,838786	-0,384758	-0,068647	0,361772	-0,053654	123,014144	90,000000	-109,061117	17,844607
	116	7,399288	5,338102	5,681173	-30,137546	-0,550000	1,100000	0,550000	-1,100000	-0,250000	0,000000	-0,125000	0,166667	13782,715329	36761,503882	41724,689639	29442,559497	-0,385452	-0,086500	0,352479	-0,057160	122,966988	90,000000	-109,526093	18,929973
	117	7,447219	5,336900	5,682518	-30,137546	-0,550000	1,100000	0,550000	-1,100000	-0,250000	0,000000	-0,125000	0,166667	13681,342983	36093,809192	41760,804135	29747,442276	-0,387777	-0,104227	0,355407	-0,047196	122,809888	90,000000	-109,377251	15,810761
	118	7,446631	5,337633	5,681698	-28,134406	-1,100000	1,100000	0,550000	-1,100000	-0,500000	0,000000	-0,125000	0,166667	13626,389790	35509,156610	41751,391068	29787,005892	-0,389037	-0,119749	0,354644	-0,045903	142,114418	90,000000	-109,415835	15,398409
	119	7,700142	5,333478	5,686348	-36,818934	-0,550000	1,650000	0,550000	-1,100000	-0,250000	0,125000	-0,125000	0,166667	13512,126493	34999,326741	41796,793615	29748,887500	-0,391658	-0,133285	0,358325	-0,047148	122,550591	46,837186	-109,231080	15,795728
	120	7,570173	5,337561	5,681778	-36,818934	-0,550000	1,650000	0,550000	-1,100000	-0,250000	0,125000	-0,125000	0,166667	13375,701888	34579,869991	41676,363912	29947,656945	-0,394786	-0,144421	0,348561	-0,040652	122,344186	49,123015	-109,728733	13,707519
	121	7,204304	5,347071	5,671136	-35,098696	-1,100000	1,650000	0,550000	-1,100000	-0,500000	0,125000	-0,125000	0,166667	13364,185359	34295,841747	41259,751366	29985,070999	-0,395051	-0,151962	0,314781	-0,039429	141,687694	50,560165	-111,658085	13,310091
	122	7,350782	5,344362	5,674167	-35,098696	-1,100000	1,650000	0,550000	-1,100000	-0,500000	0,125000	-0,125000	0,166667	13329,015035	33971,140157	41259,134202	30178,964151	-0,395857	-0,160583	0,314731	-0,033092	141,630834	52,102262	-111,661210	11,230248
	123	7,385277	5,344622	5,673877	-30,137546	-1,100000	1,650000	0,000000	-0,550000	-0,500000	0,125000	-0,250000	0,250000	13278,758829	33750,229519	41218,845894	30162,084962	-0,397010	-0,166448	0,311465	-0,033644	141,549740	53,093946	-128,752601	7,664587
	124	7,490589	5,343233	5,675431	-30,137546	-1,100000	1,650000	0,000000	-0,550000	-0,500000	0,125000	-0,250000	0,250000	13256,253278	33441,017917	41366,698739	30373,586049	-0,397526	-0,174657	0,323453	-0,026732	141,513484	54,409166	-127,700820	6,103225
	125	7,494192	5,344010	5,674561	-30,137546	-1,100000	1,650000	0,000000	-0,550000	-0,500000	0,125000	-0,250000	0,250000	13090,897239	32968,304877	41547,001538	30492,708058	-0,401318	-0,187208	0,338072	-0,022838	141,248213	56,268636	-126,482480	5,219658
	126	7,490527	5,346059	5,672268	-30,137546	-1,100000	1,650000	0,000000	-0,550000	-0,500000	0,125000	-0,250000	0,250000	13081,779680	32687,846218	41923,257134	30426,879060	-0,401527	-0,194654	0,368579	-0,024990	141,233644	57,292782	-124,148290	5,708268
	127	7,050678	5,356601	5,660471	-30,137546	-1,100000	1,650000	0,000000	-0,550000	-0,500000	0,125000	-0,250000	0,250000	13005,999713	32135,027063	42514,595567	30403,450706	-0,403265	-0,209331	0,416525	-0,025755	141,112778	59,156830	-120,972339	5,881966
	128	7,518545	5,346747	5,671499	-30,137546	-1,100000	1,650000	0,000000	-0,550000	-0,500000	0,125000	-0,250000	0,250000	13000,810834	32122,356855	42234,786260	30739,523925	-0,403384	-0,209667	0,393838	-0,014772	141,104517	59,197311	-122,406512	3,381472
	129	7,643184	5,346761	5,671483	-30,137546	-1,100000	1,650000	0,000000	-0,550000	-0,500000	0,125000	-0,250000	0,250000	12851,995806	31323,236594	42465,553029	30701,074191	-0,406797	-0,230883	0,412549	-0,016028	140,868412	61,568936	-121,215398	3,668386
	130	7,406584	5,351467	5,666217	-30,137546	-1,100000	1,650000	0,000000	-0,550000	-0,500000	0,125000	-0,250000	0,250000	12801,414256	31123,196264	42859,752412	30997,116492	-0,407957	-0,236194	0,444511	-0,006353	140,788519	62,111081	-119,354094	1,455627
	131	7,184855	5,356774	5,660278	-30,137546	-1,100000	1,650000	0,000000	-0,550000	-0,500000	0,125000	-0,250000	0,250000	12744,196098	30685,345322	43094,695090	31063,903238	-0,409269	-0,247819	0,463560	-0,004170	140,698362	63,233617	-118,338172	0,955594
	132	6,984904	5,362153	5,654258	-30,137546	-1,100000	1,650000	0,000000	-0,550000	-0,500000	0,125000	-0,250000	0,250000	12674,239786	30446,887030	43295,942862	31139,780382	-0,410873	-0,254150	0,479878	-0,001690	140,588449	63,810410	-117,517989	0,387328
	133	7,177150	5,360401	5,656219	-30,137546	-1,100000	1,650000	0,000000	-0,550000	-0,500000	0,125000	-0,250000	0,250000	12556,867125	29823,538364	43235,480259	31164,203323	-0,413565	-0,270700	0,474975	-0,000892	140,404813	65,214102	-117,759771	0,204397
	134	7,314486	5,358589	5,658247	-36,818934	-1,100000	2,200000	0,000000	-0,550000	-0,500000	0,250000	-0,250000	0,250000	12463,075174	29439,266539	43350,709234	31217,254809	-0,415716	-0,280902	0,484318	0,000842	140,258766	48,331234	-117,302314	-0,192977
	135	7,038183	5,364945	5,651134	-36,818934	-1,100000	2,200000	0,000000	-0,550000	-0,500000	0,250000	-0,250000	0,250000	12447,828278	29287,207372	43498,370244	31367,582660	-0,416066	-0,284939	0,496291	0,005755	140,235083	48,736919	-116,736091	-1,318756
	136	6,991838	5,367311	5,648486	-36,818934	-1,100000	2,200000	0,000000	-0,550000	-0,500000	0,250000	-0,250000	0,250000	12350,917183	29091,128985	43544,119185	31404,605145	-0,418288	-0,290145	0,500000	0,006965	140,084931	49,250549	-116,565051	-1,595889
	137	6,926311	5,370073	5,645396	-36,818934	-1,100000	2,200000	0,000000	-0,550000	-0,500000	0,250000	-0,250000	0,250000	12260,523607	28865,142533	43447,602756	31369,283511	-0,420361	-0,296145	0,492174	0,005811	139,945467	49,829553	-116,928296	-1,331490
	138	6,914215	5,371285	5,644040	-36,818934	-1,100000	2,200000	0,000000	-0,550000	-0,500000	0,250000	-0,250000	0,250000	12190,647360	28778,352624	43349,272777	31379,706235	-0,421964	-0,298449	0,484202	0,006151	139,838048	50,048301	-117,307931	-1,409515
	139	6,979436	5,370855	5,644520	-36,818934	-1,100000	2,200000	0,000000	-0,550000	-0,500000	0,250000	-0,250000	0,250000	12102,625033	28656,200091	43289,762234	31508,266732	-0,423983	-0,301692	0,479376	0,010353	139,703216	50,352835	-117,542526	-2,371410
	140	6,597298	5,378570	5,635887	-36,818934	-1,100000	2,200000	0,000000	-0,550000	-0,500000	0,250000	-0,250000	0,250000	12042,249525	28490,166925	43105,026994	31675,985624	-0,425367	-0,306100	0,464398	0,015835	139,611043	50,760592	-118,294974	-3,624201
	141	6,909183	5,374721	5,640194	-36,818934	-1,100000	2,200000	0,000000	-0,550000	-0,500000	0,250000	-0,250000	0,250000	12003,539983	28232,916759	43039,263854	31600,797904	-0,426255	-0,312930	0,459066	0,013377	139,552079	51,378625	-118,572013	-3,062937
	142	7,149834	5,371987	5,643254	-36,818934	-1,100000	2,200000	0,000000	-0,550000	-0,500000	0,250000	-0,250000	0,250000	11885,358571	27952,042137	42871,037830	31578,635439	-0,428965	-0,320387	0,445426	0,012653	139,372699	52,034875	-119,303780	-2,897381
	143	6,958304	5,376838	5,637826	-36,818934	-1,100000	2,200000	0,000000	-0,550000	-0,500000	0,250000	-0,250000	0,250000	11828,909425	27678,525114	42442,839477	31665,268662	-0,430260	-0,327649	0,410707	0,015484	139,287357	52,655943	-121,329134	-3,544240
	144	6,987887	5,376823	5,637842	-30,137546	-1,100000	2,200000	0,000000	0,000000	-0,500000	0,250000	-0,250000	0,333333	11784,126705	27424,233995	42440,170501	31844,653123	-0,431287	-0,334400	0,410491	0,021347	139,219808	53,217951	-121,342547	-3,664314
	145	6,772021	5,381787	5,632286	-30,137546	-1,100000	2,200000	0,000000	0,000000	-0,500000	0,250000	-0,250000	0,333333	11696,848116	27194,801459	42044,536050	31954,170968	-0,433288	-0,340492	0,378412	0,024927	139,088553	53,712675	-123,450944	-4,276605
	146	6,966621	5,379808	5,634502	-30,137546	-1,100000	2,200000	0,000000	0,000000	-0,500000	0,250000	-0,250000	0,333333	11619,363728	26891,902520	41841,247279	31990,930334	-0,435065	-0,348533	0,361929	0,026128	138,972462	54,348456	-124,634477	-4,481907
	147	6,730815	5,384542	5,629204	-30,137546	-1,100000	2,200000	0,000000	0,000000	-0,500000	0,250000	-0,250000	0,333333	11508,209097	26691,926015	41549,809971	32221,594587	-0,437615	-0,353843	0,338299	0,033667	138,806637	54,757703	-126,464039	-5,767334
	148	7,181292	5,378714	5,635726	-36,818934	-1,100000	2,750000	0,000000	0,000000	-0,500000	0,375000	-0,250000	0,333333	11472,939354	26403,812304	41383,831778	32219,259826	-0,438423	-0,361492	0,324842	0,033590	138,754195	43,949259	-127,582075	-5,754350
	149	7,266009	5,378814	5,635614	-36,818934	-1,100000	2,750000	0,000000	0,000000	-0,500000	0,375000	-0,250000	0,333333	11381,044253	26321,176697	40969,229778	32213,955055	-0,440531	-0,363686	0,291225	0,033417	138,617952	44,122503	-130,644158	-5,724847
	150	7,219048	5,380659	5,633550	-36,818934	-1,100000	2,750000	0,000000	0,000000	-0,500000	0,375000	-0,250000	0,333333	11296,562964	26280,099761	40532,017708	32265,604822	-0,442468	-0,364777	0,255776	0,035105	138,493202	44,208243	-134,345719	-6,011970
	151	7,073819	5,384469	5,629286	-36,818934	-1,100000	2,750000	0,000000	0,000000	-0,500000	0,375000	-0,250000	0,333333	11198,983310	26168,816217	40251,098779	32407,073608	-0,444706	-0,367731	0,232999	0,039729	138,349707	44,439279	-137,015948	-6,796809
	152	7,068144	5,386045	5,627522	-36,818934	-1,100000	2,750000	0,000000	0,000000	-0,500000	0,375000	-0,250000	0,333333	11147,122205	26032,263257	39944,725754	32313,972032	-0,445896	-0,371357	0,208158	0,036686	138,273702	44,720301	-140,218195	-6,280571
	153	6,978124	5,388936	5,624287	-36,818934	-1,100000	2,750000	0,000000	0,000000	-0,500000	0,375000	-0,250000	0,333333	11050,408620	25868,852347	39439,910639	32353,936152	-0,448114	-0,375695	0,167227	0,037992	138,132442	45,053045	-146,221153	-6,502298
	154	6,799012	5,393058	5,619674	-36,818934	-1,100000	2,750000	0,000000	0,000000	-0,500000	0,375000	-0,250000	0,333333	11045,294617	25754,023737	38946,353518	32456,472232	-0,448231	-0,378744	0,127209	0,041343	138,124990	45,284571	-153,031426	-7,070275
	155	6,716979	5,395538	5,616899	-36,818934	-1,100000	2,750000	0,000000	0,000000	-0,500000	0,375000	-0,250000	0,333333	10928,168251	25597,395687	38558,561645	32410,414356	-0,450917	-0,382902	0,095766	0,039838	137,954787	45,597357	-159,039932	-6,815313
	156	6,814574	5,394751	5,617779	-38,465190	-1,100000	2,750000	-0,550000	0,000000	-0,500000	0,375000	-0,375000	0,333333	10879,490334	25479,191097	38654,990290	32567,275410	-0,452033	-0,386040	0,103585	0,044965	137,884317	45,831126	-164,558474	-7,682476
	157	6,815233	5,395860	5,616538	-38,465190	-1,100000	2,750000	-0,550000	0,000000	-0,500000	0,375000	-0,375000	0,333333	10815,628601	25249,949367	38528,660463	32769,300016	-0,453498	-0,392127	0,093342	0,051567	137,792103	46,278954	-166,022481	-8,794066
	158	6,996778	5,393772	5,618876	-38,465190	-1,100000	2,750000	-0,550000	0,000000	-0,500000	0,375000	-0,375000	0,333333	10736,208378	25053,246250	38372,455588	32939,493683	-0,455319	-0,397349	0,080676	0,057130	137,677798	46,657471	-167,858601	-9,725398
	159	6,988186	5,394886	5,617629	-24,623565	-1,100000	2,750000	-0,550000	1,100000	-0,500000	0,375000	-0,375000	0,500000	10685,020136	24879,503785	38381,595306	32974,357833	-0,456493	-0,401962	0,081418	0,058269	137,604345	46,987456	-167,750428	-6,647182
	160	6,914846	5,397306	5,614920	-24,623565	-1,100000	2,750000	-0,550000	1,100000	-0,500000	0,375000	-0,375000	0,500000	10583,281707	24682,312252	38164,369456	33156,251789	-0,458826	-0,407197	0,063805	0,064214	137,458864	47,357104	-170,343837	-7,318332
	161	7,196283	5,394182	5,618416	-24,623565	-1,100000	2,750000	-0,550000	1,100000	-0,500000	0,375000	-0,375000	0,500000	10523,855255	24477,947228	37984,584739	33297,750890	-0,460189	-0,412623	0,049228	0,068839	137,374199	47,734810	-172,521349	-7,839051
	162	6,753900	5,402359	5,609266	-24,623565	-1,100000	2,750000	-0,550000	1,100000	-0,500000	0,375000	-0,375000	0,500000	10450,956416	24258,130876	38052,737796	33592,799059	-0,461861	-0,418459	0,054753	0,078482	137,270654	48,135047	-171,692987	-8,920558
	163	6,578263	5,405440	5,605818	-24,623565	-1,100000	2,750000	-0,550000	1,100000	-0,500000	0,375000	-0,375000	0,500000	10404,359377	24068,460890	37900,704278	34061,133269	-0,462930	-0,423495	0,042426	0,093788	137,204648	48,475452	-173,545165	-10,623889
	164	6,521761	5,407646	5,603349	-24,623565	-1,100000	2,750000	-0,550000	1,100000	-0,500000	0,375000	-0,375000	0,500000	10355,281313	23837,013731	37739,410955	34314,834478	-0,464055	-0,429639	0,029349	0,102080	137,135280	48,884736	-175,524984	-11,538925
	165	6,666044	5,405701	5,605526	-32,062572	-1,100000	3,300000	-0,550000	1,100000	-0,500000	0,500000	-0,375000	0,500000	10304,084067	23736,915752	37490,021745	34841,872640	-0,465229	-0,432297	0,009128	0,119305	137,063082	40,846498	-178,605635	-13,420415
	166	6,528697	5,408088	5,602854	-32,062572	-1,100000	3,300000	-0,550000	1,100000	-0,500000	0,500000	-0,375000	0,500000	10193,825565	23663,367325	37305,575061	35203,048425	-0,467758	-0,434250	-0,005827	0,131109	136,908170	40,974296	179,109738	-14,693225
	167	6,395758	5,411029	5,599564	-32,062572	-1,100000	3,300000	-0,550000	1,100000	-0,500000	0,500000	-0,375000	0,500000	10102,167804	23495,844665	37076,252753	35549,136866	-0,469860	-0,438697	-0,024421	0,142421	136,779985	41,263544	176,274023	-15,899129
	168	6,448355	5,411072	5,599515	-32,062572	-1,100000	3,300000	-0,550000	1,100000	-0,500000	0,500000	-0,375000	0,500000	10066,301680	23473,250816	36847,198871	35907,534449	-0,470683	-0,439297	-0,042993	0,154134	136,729972	41,302360	173,459738	-17,132857
	169	5,996601	5,417722	5,592074	-32,062572	-1,100000	3,300000	-0,550000	1,100000	-0,500000	0,500000	-0,375000	0,500000	9993,858289	23322,245966	36568,997889	36276,796890	-0,472344	-0,443306	-0,065550	0,166203	136,629205	41,560603	170,084931	-18,387073
	170	5,934518	5,419347	5,590255	-32,062572	-1,100000	3,300000	-0,550000	1,100000	-0,500000	0,500000	-0,375000	0,500000	9925,963732	23249,383061	36337,907336	36762,705297	-0,473901	-0,445241	-0,084287	0,182083	136,535067	41,684477	167,332464	-20,009952
	171	5,952420	5,419756	5,589798	-32,062572	-1,100000	3,300000	-0,550000	1,100000	-0,500000	0,500000	-0,375000	0,500000	9874,184628	23093,636819	35937,754253	37140,952949	-0,475088	-0,449376	-0,116731	0,194446	136,463471	41,947670	162,709476	-21,250632
	172	5,862424	5,421288	5,588083	-32,062572	-1,100000	3,300000	-0,550000	1,100000	-0,500000	0,500000	-0,375000	0,500000	9780,524465	22985,555462	35730,254016	37308,834784	-0,477236	-0,452245	-0,133556	0,199933	136,334395	42,129048	160,396707	-21,794749
	173	5,872442	5,421730	5,587588	-32,062572	-1,100000	3,300000	-0,550000	1,100000	-0,500000	0,500000	-0,375000	0,500000	9733,862098	22805,120908	35392,777839	37817,767991	-0,478307	-0,457036	-0,160919	0,216566	136,270295	42,429546	156,775032	-23,418980
	174	5,443257	5,427830	5,580762	-32,062572	-1,100000	3,300000	-0,550000	1,100000	-0,500000	0,500000	-0,375000	0,500000	9652,111719	22667,552334	35064,426568	38222,955088	-0,480181	-0,460688	-0,187542	0,229809	136,158324	42,656736	153,429850	-24,684334
	175	5,744432	5,423750	5,585328	-32,062572	-1,100000	3,300000	-0,550000	1,100000	-0,500000	0,500000	-0,375000	0,500000	9607,684304	22475,630605	34820,201750	38829,601163	-0,481200	-0,465784	-0,207344	0,249636	136,097649	42,970938	151,061068	-26,531640
	176	5,403184	5,428740	5,579744	-32,062572	-1,100000	3,300000	-0,550000	1,100000	-0,500000	0,500000	-0,375000	0,500000	9508,312347	22296,823920	34386,434821	39422,610384	-0,483479	-0,470531	-0,242514	0,269017	135,962381	43,260809	147,109095	-28,281755
	177	5,469004	5,428133	5,580424	-32,062572	-1,100000	3,300000	-0,550000	1,100000	-0,500000	0,500000	-0,375000	0,500000	9467,235313	22154,925632	34135,963025	39670,701767	-0,484421	-0,474298	-0,262822	0,277125	135,906646	43,488899	144,974929	-28,997435
	178	5,432778	5,428726	5,579760	-32,062572	-1,100000	3,300000	-0,550000	1,100000	-0,500000	0,500000	-0,375000	0,500000	9409,425226	21978,863634	33708,300587	40226,083427	-0,485747	-0,478973	-0,297498	0,295277	135,828384	43,769529	141,574073	-30,564124
	179	5,374541	5,429807	5,578550	-38,465190	-1,100000	3,300000	-0,550000	0,550000	-0,500000	0,500000	-0,375000	0,416667	9284,396227	21963,536825	33624,924618	40756,457665	-0,488614	-0,479379	-0,304258	0,312611	135,659831	43,793835	140,945697	-36,879658
	180	5,236539	5,431443	5,576719	-38,465190	-1,100000	3,300000	-0,550000	0,550000	-0,500000	0,500000	-0,375000	0,416667	9285,748305	21673,261095	33094,917465	41404,882110	-0,488583	-0,487086	-0,347231	0,333803	135,661648	44,250456	137,201841	-38,699194
	181	5,208595	5,431913	5,576193	-24,623565	-1,100000	2,200000	-0,550000	0,550000	-0,500000	0,250000	-0,375000	0,416667	9212,743369	21460,551712	32751,035811	41999,483898	-0,490258	-0,492734	-0,375114	0,353237	135,563669	63,097965	134,991316	-40,290209
	182	4,583724	5,439982	5,567164	-26,755719	-1,100000	2,200000	-1,100000	0,550000	-0,500000	0,250000	-0,500000	0,416667	9162,250235	21414,028989	32271,080443	42770,071786	-0,491416	-0,493969	-0,414029	0,378422	135,496095	63,155803	140,373276	-42,246107
	183	4,583571	5,439932	5,567220	-24,623565	-1,100000	2,200000	-0,550000	0,550000	-0,500000	0,250000	-0,375000	0,416667	9081,871180	21363,647813	32041,576976	43257,151185	-0,493259	-0,495306	-0,432637	0,394341	135,388846	63,218178	130,917988	-43,423133
	184	4,210395	5,444818	5,561751	-26,755719	-1,100000	2,200000	-1,100000	0,550000	-0,500000	0,250000	-0,500000	0,416667	9020,162968	21251,542384	31856,220219	43932,349164	-0,494674	-0,498283	-0,447666	0,416408	135,306778	63,356014	138,160884	-44,982230
	185	4,439055	5,441424	5,565550	-26,755719	-1,100000	2,200000	-1,100000	0,550000	-0,500000	0,250000	-0,500000	0,416667	8954,645264	21224,158717	31599,184078	44464,104780	-0,496177	-0,499010	-0,468507	0,433788	135,219897	63,389484	136,862437	-46,153296
	186	3,834324	5,449597	5,556403	-26,755719	-1,100000	2,200000	-1,100000	0,550000	-0,500000	0,250000	-0,500000	0,416667	8939,392186	21244,837563	31491,645072	44994,399259	-0,496527	-0,498461	-0,477226	0,451119	135,199707	63,364216	136,335003	-47,273542
	187	4,142061	5,445045	5,561497	-26,755719	-1,100000	2,200000	-1,100000	0,550000	-0,500000	0,250000	-0,500000	0,416667	8856,579114	21186,857710	31354,224372	45496,162675	-0,498426	-0,500000	-0,488369	0,467518	135,090341	63,434949	135,674247	-48,291592
	188	3,951530	5,447668	5,558562	-26,755719	-1,100000	2,200000	-1,100000	0,550000	-0,500000	0,250000	-0,500000	0,416667	8844,692771	21327,042183	31358,871916	46034,358502	-0,498698	-0,496278	-0,487992	0,485108	135,074677	63,263331	135,696354	-49,340220
	189	3,656637	5,451592	5,554171	-26,755719	-1,100000	2,200000	-1,100000	0,550000	-0,500000	0,250000	-0,500000	0,416667	8787,934218	21216,647332	31210,769219	46490,007140	-0,500000	-0,499209	-0,500000	0,500000	135,000000	63,398651	135,000000	-50,194429

Datafile was generated by 'SpermQ-MF', (© 2013-2020: Jan N Hansen (jan.hansen@caesar.de) & Jan F Jikeli (jan.jikeli@caesar.de))
The plug-in 'SpermQ-MF' is distributed in the hope that it will be useful, but WITHOUT ANY WARRANTY; without even the implied warranty of MERCHANTABILITY or FITNESS FOR A PARTICULAR PURPOSE.
Skeleton results are generated using the ImageJ plug-ins 'skeletonize' and 'analyze skeleton' by: Ignacio Arganda-Carreras, Rodrigo Fernandez-Gonzalez, Arrate Munoz-Barrutia, Carlos Ortiz-De-Solorzano, '3D reconstruction of histological sections: Application to mammary gland tissue', Microscopy Research and Technique, Volume 73, Issue 11, pages 1019-1029, October 2010.
Plug-in version:	v0.3.0
