Saving date:	2020-06-01	20:23:52	Analysis started:	2020-06-01	20:16:30
Processed image:	Reconstruction_IcSpR_Cr_-MEDIAN_Cr_T1-250_Cr.tif

Settings: 
	sample rate [Hz]:	500,000000
	Orient points in 3D:	true
	Sperm head is tethered:	false
	xy calibration [um]:	0,550000
	Slice Positions [um] 1|2|3|4:	31,007	22,237	9,266	17,490
	trace determined in sharpest plane in time projection
	selected thresholding method:	Triangle
	gaussian blur for trace generation - sigma:	2,000
	Upscale trace (fold):	3
	Head center-of-mass added as first point of trace:	true
	Unify start points (e.g. for tethered sperm):	false
	max vector length [points]:	20
	normal vector radius [um]:	24,000000
	Smooth normal for xyz fit:	true
	Exclude head points from correction/deletion/zkymographs (initial 0 points):	false
	Use Gauss-4-Point fit for z determination:	true
	Use width fit for z determination:	true
	Width fit - LUT step size [um]:	0,100
	Z-smoothing method:	median
	Accepted xy distance for z-smoothing:	9,600000
	# points before or after individual point included in xy- and z-smoothing:	15
	Minimum xy-arcus position of points for reference vector:	4,000000
	Maximum xy-arcus position of points for reference vector:	10,000000
	Curvature and dAngle Calcultion - distance of upstream reference point:	10,000000
	GroupedTimesteps for fourier transform:	250
	initial arclengths neglected for forier transform (µm):	0,000000
	head rotation matrix radius (points):	10

	Width fit used for z determination: true
		Width fit LUT step size:	0.1
		LUT file name:	SpermQ-MF_LUT_200601_161141.tif
	Gauss 4-point-fit used for z determination: true

Width to Z correction factor:	0,906423	0,811628	0,925519	0,931038	0,937986	0,946478	0,943105	0,928249	0,935033	0,961460
Angle Theta [°]:		2D	3D no smoothing	3D mean smoothing	3D median smoothing
	0	40,887464	36,964552	36,964552	36,964552
	1	46,694824	46,111732	46,111732	46,111732
	2	52,675651	52,151881	52,151881	52,151881
	3	56,328310	57,549428	57,549428	57,549428
	4	65,938860	62,534478	62,534478	62,534478
	5	64,579759	65,385416	65,385416	65,385416
	6	62,639266	66,430621	66,430621	66,430621
	7	64,290258	66,400239	66,400239	66,400239
	8	63,333527	65,260345	65,260345	65,260345
	9	67,245888	63,395753	63,395753	63,395753
	10	65,028265	61,257192	61,257192	61,257192
	11	60,657660	60,690029	60,690029	60,690029
	12	60,890246	60,408298	60,408298	60,408298
	13	58,439060	61,879023	61,879023	61,879023
	14	60,245402	62,955981	62,955981	62,955981
	15	67,281409	65,787519	65,787519	65,787519
	16	69,955823	67,992465	67,992465	67,992465
	17	66,244672	69,539416	69,539416	69,539416
	18	69,690727	72,991915	72,991915	72,991915
	19	78,117852	76,751083	76,751083	76,751083
	20	76,635513	79,297113	79,297113	79,297113
	21	78,337648	81,648203	81,648203	81,648203
	22	78,791016	82,405992	82,405992	82,405992
	23	82,493618	81,523770	81,523770	81,523770
	24	78,077310	80,019966	80,019966	80,019966
	25	80,171637	77,223382	77,223382	77,223382
	26	76,478344	73,074669	73,074669	73,074669
	27	74,245796	69,006354	69,006354	69,006354
	28	69,894588	64,413454	64,413454	64,413454
	29	66,327171	59,626303	59,626303	59,626303
	30	61,641384	55,772196	55,772196	55,772196
	31	58,911456	50,059089	50,059089	50,059089
	32	54,907798	47,273707	47,273707	47,273707
	33	60,236046	47,990978	47,990978	47,990978
	34	65,208603	48,980580	48,980580	48,980580
	35	59,252386	49,148160	49,148160	49,148160
	36	65,069838	52,258000	52,258000	52,258000
	37	64,823922	52,787750	52,787750	52,787750
	38	64,087522	53,111356	53,111356	53,111356
	39	59,262332	53,639453	53,639453	53,639453
	40	64,456561	53,665564	53,665564	53,665564
	41	62,303181	53,449085	53,449085	53,449085
	42	61,058940	52,171209	52,171209	52,171209
	43	54,006264	51,510078	51,510078	51,510078
	44	52,066488	49,268148	49,268148	49,268148
	45	50,053198	45,879064	45,879064	45,879064
	46	49,271817	43,726892	43,726892	43,726892
	47	45,809092	41,696605	41,696605	41,696605
	48	44,509439	39,511312	39,511312	39,511312
	49	38,331845	37,371366	37,371366	37,371366
	50	41,550293	36,631156	36,631156	36,631156
	51	42,349839	37,523036	37,523036	37,523036
	52	41,921620	38,096146	38,096146	38,096146
	53	49,221101	45,330586	45,330586	45,330586
	54	53,089761	53,232217	53,232217	53,232217
	55	57,491989	56,492539	56,492539	56,492539
	56	66,370789	61,268545	61,268545	61,268545
	57	67,412494	64,210202	64,210202	64,210202
	58	69,745984	65,534703	65,534703	65,534703
	59	71,116662	64,343122	64,343122	64,343122
	60	63,259094	63,801489	63,801489	63,801489
	61	67,381466	62,220428	62,220428	62,220428
	62	60,635178	60,963973	60,963973	60,963973
	63	64,311068	59,890155	59,890155	59,890155
	64	59,191847	62,030504	62,030504	62,030504
	65	66,378792	62,517698	62,517698	62,517698
	66	71,116662	64,997664	64,997664	64,997664
	67	70,469046	67,332839	67,332839	67,332839
	68	71,613377	70,390110	70,390110	70,390110
	69	70,076508	74,320020	74,320020	74,320020
	70	79,174908	74,728920	74,728920	74,728920
	71	80,939769	76,769544	76,769544	76,769544
	72	77,625628	80,190181	80,190181	80,190181
	73	76,009081	81,492438	81,492438	81,492438
	74	76,436927	81,881932	81,881932	81,881932
	75	82,493618	81,428568	81,428568	81,428568
	76	81,273545	79,464104	79,464104	79,464104
	77	76,632594	75,397452	75,397452	75,397452
	78	76,228620	71,787267	71,787267	71,787267
	79	74,673225	67,629357	67,629357	67,629357
	80	62,982914	63,051903	63,051903	63,051903
	81	67,338605	57,257705	57,257705	57,257705
	82	56,764706	54,145250	54,145250	54,145250
	83	58,546266	48,409050	48,409050	48,409050
	84	55,505506	47,821327	47,821327	47,821327
	85	62,447250	50,515231	50,515231	50,515231
	86	63,949731	51,876702	51,876702	51,876702
	87	66,748173	53,061846	53,061846	53,061846
	88	67,849010	53,938596	53,938596	53,938596
	89	61,776389	54,169234	54,169234	54,169234
	90	64,005087	55,480688	55,480688	55,480688
	91	62,838849	55,642319	55,642319	55,642319
	92	66,759658	55,718226	55,718226	55,718226
	93	64,217269	54,870798	54,870798	54,870798
	94	58,318589	55,695821	55,695821	55,695821
	95	61,370518	52,978363	52,978363	52,978363
	96	51,614637	50,815191	50,815191	50,815191
	97	49,561728	50,750293	50,750293	50,750293
	98	48,840665	50,353818	50,353818	50,353818
	99	49,732556	49,720960	49,720960	49,720960
	100	56,092449	45,656143	45,656143	45,656143
	101	58,054126	50,810012	50,810012	50,810012
	102	62,111643	51,206072	51,206072	51,206072
	103	64,555536	56,567885	56,567885	56,567885
	104	65,636821	60,845709	60,845709	60,845709
	105	59,016438	63,707791	63,707791	63,707791
	106	70,276199	70,072774	70,072774	70,072774
	107	65,819633	70,455550	70,455550	70,455550
	108	66,564754	71,037100	71,037100	71,037100
	109	63,487097	71,418897	71,418897	71,418897
	110	72,112653	69,064355	69,064355	69,064355
	111	74,505154	66,975466	66,975466	66,975466
	112	71,833441	65,731288	65,731288	65,731288
	113	70,371913	64,974089	64,974089	64,974089
	114	68,586571	64,836590	64,836590	64,836590
	115	68,934172	65,671346	65,671346	65,671346
	116	73,575323	67,915613	67,915613	67,915613
	117	75,588248	69,727887	69,727887	69,727887
	118	76,905305	72,415717	72,415717	72,415717
	119	78,383516	72,559355	72,559355	72,559355
	120	80,989034	75,899400	75,899400	75,899400
	121	74,061795	79,724792	79,724792	79,724792
	122	78,337648	83,059112	83,059112	83,059112
	123	79,199055	84,992454	84,992454	84,992454
	124	80,768984	85,900338	85,900338	85,900338
	125	82,960944	86,337391	86,337391	86,337391
	126	89,225950	83,624475	83,624475	83,624475
	127	90,000000	82,554689	82,554689	82,554689
	128	83,731360	77,715312	77,715312	77,715312
	129	77,229489	74,761041	74,761041	74,761041
	130	76,729180	69,359016	69,359016	69,359016
	131	66,800194	64,721957	64,721957	64,721957
	132	68,009782	59,285029	59,285029	59,285029
	133	58,055361	55,604458	55,604458	55,604458
	134	57,715913	51,840378	51,840378	51,840378
	135	58,730913	50,523179	50,523179	50,523179
	136	58,042934	50,040961	50,040961	50,040961
	137	65,069838	50,794446	50,794446	50,794446
	138	60,944636	53,760125	53,760125	53,760125
	139	66,953070	54,558076	54,558076	54,558076
	140	62,794317	54,577638	54,577638	54,577638
	141	62,293171	55,121857	55,121857	55,121857
	142	67,844930	55,775983	55,775983	55,775983
	143	70,566444	56,232932	56,232932	56,232932
	144	65,918824	56,152065	56,152065	56,152065
	145	65,488641	54,249236	54,249236	54,249236
	146	63,913445	53,631962	53,631962	53,631962
	147	51,257508	51,801331	51,801331	51,801331
	148	54,228739	49,796700	49,796700	49,796700
	149	47,289712	49,173924	49,173924	49,173924
	150	45,809092	44,548880	44,548880	44,548880
	151	46,978996	42,095484	42,095484	42,095484
	152	53,197862	44,626057	44,626057	44,626057
	153	50,702541	45,300974	45,300974	45,300974
	154	58,594885	51,244972	51,244972	51,244972
	155	66,429923	59,487446	59,487446	59,487446
	156	68,608310	61,389256	61,389256	61,389256
	157	71,869241	66,044027	66,044027	66,044027
	158	63,949673	71,382279	71,382279	71,382279
	159	70,730914	73,815439	73,815439	73,815439
	160	72,281449	75,253290	75,253290	75,253290
	161	68,792505	75,446640	75,446640	75,446640
	162	69,538772	72,843906	72,843906	72,843906
	163	66,742915	70,348734	70,348734	70,348734
	164	74,493468	68,455482	68,455482	68,455482
	165	73,355852	67,501523	67,501523	67,501523
	166	72,586981	67,061615	67,061615	67,061615
	167	71,523279	67,288408	67,288408	67,288408
	168	74,878564	68,535488	68,535488	68,535488
	169	69,762539	68,525410	68,525410	68,525410
	170	77,825719	72,499790	72,499790	72,499790
	171	80,989034	72,948925	72,948925	72,948925
	172	72,943599	77,180754	77,180754	77,180754
	173	83,023758	79,939179	79,939179	79,939179
	174	83,860577	82,289451	82,289451	82,289451
	175	86,367045	85,980938	85,980938	85,980938
	176	87,522806	86,214519	86,214519	86,214519
	177	88,201322	87,002994	87,002994	87,002994
	178	88,998984	87,256877	87,256877	87,256877
	179	82,270852	84,853719	84,853719	84,853719
	180	90,000000	82,520615	82,520615	82,520615
	181	79,876365	79,275571	79,275571	79,275571
	182	82,270852	76,714715	76,714715	76,714715
	183	73,159431	72,273176	72,273176	72,273176
	184	77,347128	67,686168	67,686168	67,686168
	185	70,025940	64,400469	64,400469	64,400469
	186	66,363053	58,825583	58,825583	58,825583
	187	64,311447	56,989568	56,989568	56,989568
	188	58,620995	51,307043	51,307043	51,307043
	189	57,705886	53,259648	53,259648	53,259648
	190	61,497733	54,905485	54,905485	54,905485
	191	62,293171	54,705848	54,705848	54,705848
	192	60,416538	57,097862	57,097862	57,097862
	193	69,578619	57,969551	57,969551	57,969551
	194	71,126374	58,105789	58,105789	58,105789
	195	63,808993	56,222681	56,222681	56,222681
	196	61,238026	59,911722	59,911722	59,911722
	197	57,213341	57,938533	57,938533	57,938533
	198	55,018613	55,985329	55,985329	55,985329
	199	56,047385	51,629392	51,629392	51,629392
	200	54,007530	49,103312	49,103312	49,103312
	201	49,299444	47,124581	47,124581	47,124581
	202	46,849944	43,378390	43,378390	43,378390
	203	44,336796	40,366152	40,366152	40,366152
	204	46,858480	38,882226	38,882226	38,882226
	205	43,010853	38,653184	38,653184	38,653184
	206	43,533860	40,431801	40,431801	40,431801
	207	52,039754	46,293438	46,293438	46,293438
	208	51,928496	50,904451	50,904451	50,904451
	209	64,969860	56,430409	56,430409	56,430409
	210	59,070687	60,394303	60,394303	60,394303
	211	67,895791	65,110461	65,110461	65,110461
	212	75,347098	67,297703	67,297703	67,297703
	213	67,713659	70,728409	70,728409	70,728409
	214	76,873617	70,980112	70,980112	70,980112
	215	67,401314	70,512065	70,512065	70,512065
	216	66,535586	67,930116	67,930116	67,930116
	217	70,924300	65,683389	65,683389	65,683389
	218	61,793229	64,710616	64,710616	64,710616
	219	70,255890	65,103227	65,103227	65,103227
	220	72,776068	66,603191	66,603191	66,603191
	221	73,404066	70,391983	70,391983	70,391983
	222	70,076508	73,879557	73,879557	73,879557
	223	79,737200	73,764307	73,764307	73,764307
	224	73,378920	78,776330	78,776330	78,776330
	225	84,526196	80,916837	80,916837	80,916837
	226	83,860577	84,189451	84,189451	84,189451
	227	76,419670	85,426236	85,426236	85,426236
	228	87,522806	88,168188	88,168188	88,168188
	229	88,998984	90,407040	90,407040	90,407040
	230	89,437814	89,763955	89,763955	89,763955
	231	90,000000	90,003011	90,003011	90,003011
	232	97,729148	87,689700	87,689700	87,689700
	233	95,248092	85,301933	85,301933	85,301933
	234	93,315830	82,095756	82,095756	82,095756
	235	83,046414	77,331759	77,331759	77,331759
	236	80,768984	72,845387	72,845387	72,845387
	237	76,963212	68,463940	68,463940	68,463940
	238	72,083074	63,365313	63,365313	63,365313
	239	69,580486	58,216263	58,216263	58,216263
	240	70,602759	55,684837	55,684837	55,684837
	241	60,890246	56,206247	56,206247	56,206247
	242	65,586461	54,029860	54,029860	54,029860
	243	66,296805	55,637690	55,637690	55,637690
	244	65,650982	55,498498	55,498498	55,498498
	245	61,844480	56,995084	56,995084	56,995084
	246	62,671905	57,973706	57,973706	57,973706
	247	71,334101	58,346582	58,346582	58,346582
	248	69,518190	59,447158	59,447158	59,447158
	249	59,827656	59,435115	59,435115	59,435115
	found average primary freq.:	10,000000			10,000000
	found average secondary freq.:	28,000000			28,000000
	found average COM freq.:	32,162897			23,762155

head position		x [µm]	y [µm]	z (no interpol) [µm]	z (mean) [µm]	z (median) [µm]
	0	45,684250	65,940063	15,461299	15,226492	15,262356
	1	46,409245	64,690755	15,943712	15,290486	15,943712
	2	46,524572	64,575428	15,943712	15,493103	15,943712
	3	46,606702	64,493298	15,943712	15,508739	15,943712
	4	46,592244	64,092363	15,943712	15,575602	15,814305
	5	46,642758	63,907242	15,943712	15,586075	15,900074
	6	46,700446	63,449618	15,943712	15,785911	15,862586
	7	46,742686	63,257314	15,982928	15,886778	15,983151
	8	46,830622	63,169378	16,237837	16,189577	16,236694
	9	46,418729	62,481271	16,116350	16,132729	16,119809
	10	46,776916	63,156048	16,117371	16,117776	16,101704
	11	46,651700	62,941400	16,057234	16,046257	16,053094
	12	46,645034	62,947113	16,274818	16,254043	16,254850
	13	46,293613	62,056387	16,642218	16,681147	16,646401
	14	46,691575	62,357221	16,763581	16,819606	16,769052
	15	46,836144	62,233305	16,759793	16,891694	16,785539
	16	46,843718	62,056282	16,718172	16,973827	16,797092
	17	47,287542	62,628547	17,262288	17,126705	17,234120
	18	47,264828	61,954620	16,808263	16,577718	16,820080
	19	47,424509	61,450280	16,594915	16,605971	16,595691
	20	47,600132	61,349925	16,722035	16,726428	16,667501
	21	47,584203	60,963540	16,554925	16,842150	16,716906
	22	47,748582	60,515993	16,416928	16,613221	16,631968
	23	48,050578	60,856812	16,583100	16,442507	16,590855
	24	47,857921	60,650353	16,627367	16,335661	16,610846
	25	47,419703	59,646208	16,714598	16,667873	16,728579
	26	47,489770	59,944483	16,671114	16,463416	16,625068
	27	47,377677	60,040562	16,473012	16,147791	16,349443
	28	47,269555	60,851311	15,943712	15,181116	15,316295
	29	46,673140	60,173023	16,258294	15,676336	15,915756
	30	46,426208	60,823792	15,943712	15,329782	15,863304
	31	45,821422	60,328578	15,943712	15,299309	15,943712
	32	45,575498	60,778287	16,306281	15,563959	15,924497
	33	44,557464	61,043602	16,306281	15,127113	15,221358
	34	44,511930	61,082632	16,348936	15,927431	16,341632
	35	44,572523	61,030694	16,530221	16,361139	16,515156
	36	44,142029	60,372174	16,476886	15,512174	15,709799
	37	44,135837	60,377746	16,532438	15,701661	15,804761
	38	44,166688	60,349981	16,442564	15,955413	15,805262
	39	44,181519	60,318481	16,254129	15,621716	15,631726
	40	43,978927	59,968063	16,258294	16,014488	16,238439
	41	43,700398	59,699602	16,077009	16,011855	16,137438
	42	44,173085	59,226915	16,103669	15,937512	16,103669
	43	44,207821	59,192179	15,943712	15,634552	15,943712
	44	44,218799	59,181201	15,895725	15,407911	15,783755
	45	44,096352	59,576640	15,741100	14,436254	14,273956
	46	44,143111	59,729877	15,943712	14,858922	14,731356
	47	44,148288	59,724124	15,943712	14,581273	14,426513
	48	44,130149	59,744279	15,943712	14,485868	14,426779
	49	43,621151	60,750486	15,383806	15,146585	15,361072
	50	43,724170	60,775830	15,524947	15,339686	15,523957
	51	43,723822	60,776178	15,543902	15,374238	15,543110
	52	43,724663	60,775337	15,728376	15,492077	15,646640
	53	43,875029	59,524971	15,943712	15,339955	15,943712
	54	43,826852	59,155556	15,943712	15,510947	15,822049
	55	44,358802	59,863839	16,010468	16,423266	15,893337
	56	44,449624	59,378786	15,944817	15,636296	15,839126
	57	44,432211	59,108105	16,091545	15,718863	15,978504
	58	44,184624	58,154218	16,079185	15,837610	16,062563
	59	44,865360	59,455509	16,755977	16,794245	16,723480
	60	44,549554	58,300446	16,314010	16,282546	16,257483
	61	44,190928	57,636570	16,242875	16,184211	16,229821
	62	44,051188	57,642178	16,285949	16,282216	16,283877
	63	44,404376	58,304643	16,220276	16,089518	16,212828
	64	44,115375	57,159380	16,678657	16,695459	16,684253
	65	44,460548	57,722544	16,894602	16,966358	16,916430
	66	44,459547	57,434674	17,137026	17,167141	17,220012
	67	44,502042	57,247958	17,217909	17,095003	17,235396
	68	44,555664	56,976035	16,906846	16,488433	16,986520
	69	44,718080	56,608728	16,717493	16,426458	16,691338
	70	45,101338	57,089197	17,363148	17,248339	17,260841
	71	45,201236	56,909135	17,329614	17,685774	17,298171
	72	45,259122	56,120753	16,939447	16,907035	16,940711
	73	45,757681	56,509896	17,329381	17,434650	17,376283
	74	45,693718	56,219670	17,398139	17,281089	17,361733
	75	45,790267	56,136914	17,215568	17,115329	17,176258
	76	45,697662	55,666290	16,993934	16,708729	16,942534
	77	45,567256	55,778067	16,652116	16,252178	16,602914
	78	45,113799	55,145315	16,811890	16,430019	16,773965
	79	45,055039	55,700465	16,439579	16,410476	15,918686
	80	44,418605	55,131395	16,530221	15,399425	16,202356
	81	44,249258	56,090520	15,943712	16,221755	15,721399
	82	43,644134	55,674781	15,943712	15,391469	15,859360
	83	42,509343	55,940657	15,943712	15,497912	15,943712
	84	42,317722	56,127667	16,258294	15,618266	16,167156
	85	42,324876	55,025124	16,469664	15,652363	16,282872
	86	41,836634	55,513366	16,348936	16,066558	16,348936
	87	41,879872	55,470128	16,530221	16,488725	16,530221
	88	41,948101	55,401899	16,530221	16,570254	16,530221
	89	41,986549	55,390101	16,530221	16,463697	16,498646
	90	42,006487	55,343513	16,465507	16,267663	16,465676
	91	42,029458	55,320542	16,485774	16,413904	16,485671
	92	41,801369	54,998826	16,473655	16,139575	16,466662
	93	41,853025	54,954550	16,653282	16,307054	16,649048
	94	41,930649	53,769351	16,103669	15,944809	16,103669
	95	42,069475	54,180525	16,345087	16,064220	15,942258
	96	42,024913	54,225087	16,123920	16,039563	15,766586
	97	42,070063	54,179937	15,943712	15,639091	15,529229
	98	41,628887	53,673018	15,943712	14,869322	14,940519
	99	41,708666	53,879260	15,895725	14,968439	15,139399
	100	42,123999	54,676001	15,741100	15,757242	15,741100
	101	41,830604	53,869396	15,805082	14,589590	15,357637
	102	41,946540	54,512422	15,943712	15,196246	15,208367
	103	41,962105	54,501527	15,943712	15,567745	15,518152
	104	41,545393	54,793225	15,873390	16,366215	15,651880
	105	42,076326	54,421572	16,079163	16,978832	16,089768
	106	42,071632	53,571347	15,943712	15,120596	15,188854
	107	42,239698	53,884458	16,236832	15,933829	16,075228
	108	41,768803	54,005312	16,346129	16,942775	16,398106
	109	42,169847	53,256107	16,308225	16,494433	16,118677
	110	42,273910	52,978481	16,371269	16,765504	16,341481
	111	42,316811	52,740394	16,359205	16,318128	16,311676
	112	42,112619	52,610612	16,308652	16,239977	16,308950
	113	42,095778	52,625048	16,195249	16,104789	16,215196
	114	42,139526	52,291699	16,368321	16,366292	16,365684
	115	42,241757	52,233282	16,760374	16,826435	16,748888
	116	42,197840	51,987566	17,070212	16,952800	17,110022
	117	42,257755	51,792245	17,136494	17,304124	17,238337
	118	42,354561	51,695439	17,011774	17,196698	17,108939
	119	42,804471	52,226016	17,553102	17,631921	17,544917
	120	42,833529	51,914118	17,684988	17,965880	17,673601
	121	42,989365	51,570363	17,801619	18,041112	17,802808
	122	43,047821	50,986960	17,297820	17,485091	17,321735
	123	43,298603	50,843655	17,281811	17,591992	17,315413
	124	43,679704	51,130127	19,279351	19,334028	19,324907
	125	43,716110	50,603556	17,927605	19,090958	19,144241
	126	43,959386	51,245978	18,252424	18,079875	18,254124
	127	43,503581	50,342493	17,099601	16,797415	16,936333
	128	43,368789	50,436847	16,810686	16,619401	16,608544
	129	42,887488	49,667867	16,761346	16,166553	16,661659
	130	42,747686	50,202314	15,943712	15,253779	15,821024
	131	42,161369	49,818826	16,077009	15,316616	15,856958
	132	41,926269	50,541358	15,943712	15,656391	15,122911
	133	41,392824	50,526458	15,943712	15,272609	15,144451
	134	40,431704	50,868296	16,306281	15,760208	16,199643
	135	40,299171	51,000829	16,258294	16,016997	16,258294
	136	40,181648	51,122873	16,530221	18,016533	17,154693
	137	40,096487	51,195868	16,711505	16,815664	16,706831
	138	39,680666	50,530858	16,608452	16,419987	16,636235
	139	39,718486	50,481514	16,638494	16,450049	16,638581
	140	39,748480	50,472731	16,598235	16,424572	16,582799
	141	39,778504	50,446997	16,565510	16,413500	16,536311
	142	39,840977	50,359023	16,518867	16,494269	16,519836
	143	39,680472	49,981024	16,391951	16,179608	16,387769
	144	39,744520	49,926126	16,627365	16,305158	16,483844
	145	40,224950	49,692886	16,894096	16,589166	16,860314
	146	39,848428	49,251572	16,481790	16,076881	16,468468
	147	39,886227	49,213773	15,943712	15,625742	15,943712
	148	39,879446	49,220554	15,714440	15,393079	15,714440
	149	39,474582	48,912988	15,559815	15,180353	15,447994
	150	39,843337	49,806663	15,922384	15,757612	15,831742
	151	39,803230	49,619583	15,943712	15,687082	15,880647
	152	39,385206	49,164794	15,741100	15,271006	15,714440
	153	39,306262	50,343738	15,967213	16,204653	15,972026
	154	39,691256	49,683568	15,970421	15,584798	15,773057
	155	39,393547	48,874517	15,943712	14,898966	15,208485
	156	39,453236	49,704369	16,006473	16,133171	15,986715
	157	39,538267	49,561733	16,169424	16,136898	16,172924
	158	40,292653	48,772478	16,356101	15,872555	15,826255
	159	40,088096	48,906802	16,410046	16,225743	16,271221
	160	40,120666	48,338191	16,219081	15,886283	16,058228
	161	40,098445	48,051333	16,075804	15,803969	15,997880
	162	40,125029	47,785697	16,205327	16,115222	16,132713
	163	40,150420	47,771188	16,332685	16,312601	16,280987
	164	40,118670	47,789331	16,194291	16,153558	16,153114
	165	40,103859	47,797795	16,138638	16,081019	16,106936
	166	40,106967	47,796019	16,380894	16,353666	16,360953
	167	40,045774	47,546480	16,589734	16,691861	16,660193
	168	40,127132	47,234496	16,869693	16,973665	16,871243
	169	40,465863	47,793896	17,323805	17,180881	17,434060
	170	40,165665	46,734335	17,169529	17,368629	17,253978
	171	40,445222	47,367016	17,778180	17,764998	17,758505
	172	40,612186	46,866206	17,712143	17,751651	17,704945
	173	40,700009	46,278568	17,456700	17,397802	17,456016
	174	40,747959	46,316035	17,666644	18,707538	17,925137
	175	40,945556	45,981111	17,698057	18,382807	17,895087
	176	41,383103	46,221527	19,322374	19,428820	19,323231
	177	41,578916	46,137607	19,246061	19,219062	19,306323
	178	41,371092	45,502233	17,535324	17,883054	17,716811
	179	41,376872	45,498930	17,965651	17,816767	18,199086
	180	41,160494	45,072575	16,890797	16,746720	16,921962
	181	41,087330	45,114383	16,597845	16,444063	16,599065
	182	40,759403	44,490597	16,609496	15,889042	16,479523
	183	40,451301	44,589219	16,560995	15,043241	15,477422
	184	40,431620	45,617866	15,943712	17,211418	16,028376
	185	39,956429	45,132041	15,943712	15,449739	15,811300
	186	39,206263	46,066060	15,706442	16,165543	15,669313
	187	38,982803	45,374113	16,077009	15,831728	15,933712
	188	38,095219	45,504781	15,986367	15,968433	15,986367
	189	38,296255	44,857621	16,258294	16,688624	16,227317
	190	38,313462	44,881923	16,530221	18,462299	17,283484
	191	37,917523	45,122734	16,891307	18,918580	18,845767
	192	37,562439	44,410766	16,578445	16,525765	16,567219
	193	37,587998	44,388859	16,360029	16,202176	16,339113
	194	37,645261	44,304739	16,257019	16,074029	16,258240
	195	37,769314	44,653249	16,536157	16,563459	16,532779
	196	37,619480	43,230520	16,466238	16,081304	16,168714
	197	37,708781	43,141219	16,273004	15,826921	16,002716
	198	37,781663	43,068337	15,943712	14,968530	15,037041
	199	38,013507	43,936493	15,741100	15,599952	15,741100
	200	38,018877	44,196356	15,943712	15,890371	15,865905
	201	37,586273	43,813727	15,943712	15,722443	15,943712
	202	37,487946	43,912054	15,943712	15,446831	15,930259
	203	36,760321	44,639679	15,943712	15,572537	15,943712
	204	37,126885	44,704450	16,069011	16,650364	16,152905
	205	36,527349	44,322651	15,831742	15,448441	15,831742
	206	37,136698	43,713302	15,943712	15,464264	15,943712
	207	37,222125	43,473071	15,943712	15,745511	15,894134
	208	37,120956	43,729044	15,943712	15,576935	15,943712
	209	37,193116	43,489648	15,943712	15,601831	15,831027
	210	37,465082	43,630951	16,092752	15,985697	15,779590
	211	37,530032	43,591981	16,118803	15,908348	15,714319
	212	37,324455	44,143325	16,672586	16,857912	16,653816
	213	37,683271	43,416711	16,618892	17,996182	17,113633
	214	38,107206	43,696912	17,195154	17,423199	17,185924
	215	37,782667	42,797133	16,442953	16,651749	16,392403
	216	37,723988	42,400579	16,321985	16,330859	16,304870
	217	37,669275	42,876507	16,399528	16,598744	16,452595
	218	37,685177	42,422756	16,571328	16,532856	16,557024
	219	37,685577	42,183791	17,046369	17,192307	17,149174
	220	37,718232	42,155801	17,396659	17,637205	17,522958
	221	37,986711	41,637613	17,362794	17,272405	17,228000
	222	37,905455	41,611181	17,201310	17,942380	17,532520
	223	38,304151	41,962507	17,640364	17,784379	17,643405
	224	38,388114	41,376522	17,826672	18,126070	17,891228
	225	38,600985	41,663723	19,346583	19,806195	19,418082
	226	38,842445	41,181809	18,583052	18,938428	18,875416
	227	39,194419	41,622226	17,716537	17,920980	17,748602
	228	39,279149	41,250000	17,757896	18,716340	18,116539
	229	39,500589	40,784823	18,036817	18,342292	18,277202
	230	39,715957	41,800000	17,775657	18,111398	17,971955
	231	40,038439	40,788468	17,625282	17,771788	17,666221
	232	39,959160	40,812252	17,617928	17,976333	17,721269
	233	39,663530	40,551882	16,711505	17,997746	17,668520
	234	39,364876	40,354050	16,077009	16,716197	16,210280
	235	38,909190	40,028567	15,943712	16,136930	15,708760
	236	38,536591	39,898604	15,924141	15,548048	15,855403
	237	38,068995	40,317717	15,943712	15,742719	15,833777
	238	37,106444	40,469200	15,943712	16,311543	15,757040
	239	36,853512	40,697542	16,077009	16,619225	16,216149
	240	37,179365	40,469444	16,354621	17,796123	17,446420
	241	36,600773	39,978130	16,424888	16,236072	16,405445
	242	35,853059	40,061664	16,711505	16,786871	16,696009
	243	35,909721	40,013096	16,747273	16,733720	16,729430
	244	36,468874	40,053500	16,666009	18,644690	17,657749
	245	35,772552	39,584214	16,370648	16,930146	16,501825
	246	35,723608	39,618474	16,648779	17,762907	17,329500
	247	35,728732	39,614888	16,593914	18,295464	17,564699
	248	36,230883	38,775210	16,610611	15,992169	16,186635
	249	35,562642	38,687358	16,442258	16,206805	16,445476

head rotation		COM-angle	COM x	COM y	Maximum-Line-Angle	Maximum position sorted by plane position				Maximum position (normalized)				Maximum intensity sorted by plane position				Maximum intensity (normalized)				position-intensity vector angle
	0	14,916082	5,996983	4,926013	-49,263521	2,750000	-0,550000	-1,100000	-3,300000	-0,250000	-0,250000	-0,250000	-0,250000	2656,694959	7063,602730	5964,370830	7460,734348	-0,448945	-0,339568	-0,223531	0,150336	119,111743	126,361564	138,199337	-148,979602
	1	16,121442	5,979446	5,048111	-49,263521	2,750000	-0,550000	-1,100000	-3,300000	-0,250000	-0,250000	-0,250000	-0,250000	3260,344498	8919,318336	7323,089475	7883,040329	-0,325965	-0,155031	-0,119786	0,218823	127,486528	148,196024	154,398888	-138,804539
	2	13,616986	5,944642	5,160975	-52,073538	2,750000	0,000000	-0,550000	-3,300000	-0,250000	0,000000	0,000000	-0,250000	3510,851695	8560,352682	6842,219357	8264,514033	-0,274930	-0,190727	-0,156503	0,280689	132,280960	90,000000	90,000000	-131,690383
	3	12,143042	5,925983	5,216209	-53,043987	2,750000	0,000000	-1,100000	-3,300000	-0,250000	0,000000	-0,250000	-0,250000	3658,874129	8182,319192	6614,861126	8572,020514	-0,244774	-0,228320	-0,173863	0,330558	135,605192	90,000000	145,183279	-127,100078
	4	2,996158	5,584925	5,462080	-53,043987	3,300000	0,000000	-0,550000	-3,300000	0,000000	0,000000	0,000000	-0,250000	4824,710548	10317,857859	7949,962956	8804,040990	-0,007261	-0,015956	-0,071921	0,368186	90,000000	90,000000	90,000000	-124,176681
	5	6,935839	5,704739	5,402694	-53,043987	3,300000	0,000000	-0,550000	-3,300000	0,000000	0,000000	0,000000	-0,250000	4554,547499	9439,304658	7779,731520	8566,004728	-0,062301	-0,103322	-0,084919	0,329583	90,000000	90,000000	90,000000	-127,181587
	6	12,869860	5,855467	5,316052	-53,043987	2,750000	0,000000	-1,100000	-3,300000	-0,250000	0,000000	-0,250000	-0,250000	4417,018192	9015,435308	6989,757890	8117,694543	-0,090319	-0,145472	-0,145237	0,256878	160,136386	90,000000	149,845560	-134,222543
	7	10,265312	5,682120	5,412313	-48,119403	2,750000	-0,550000	-0,550000	-3,300000	-0,250000	-0,250000	0,000000	-0,250000	5185,880844	11454,039553	7753,839928	7774,468483	0,066319	0,097030	-0,086896	0,201216	-165,143005	-158,787855	90,000000	-141,170675
	8	12,637439	5,713863	5,392595	-51,058988	2,200000	0,000000	-0,550000	-3,300000	-0,500000	0,000000	0,000000	-0,250000	5009,148998	9574,005546	5828,904786	7083,258122	0,030314	-0,089927	-0,233875	0,089119	-176,530530	90,000000	90,000000	-160,379989
	9	11,861753	5,417659	5,534535	-52,073538	2,750000	0,000000	-0,550000	-3,300000	-0,250000	0,000000	0,000000	-0,250000	5775,231622	10796,710629	5699,813854	6398,608335	0,186386	0,031663	-0,243731	-0,021913	-143,293894	-90,000000	90,000000	174,990674
	10	11,938794	5,454724	5,521085	-46,921956	2,200000	-0,550000	-0,550000	-3,300000	-0,500000	-0,250000	0,000000	-0,250000	5731,552189	10242,233259	4685,649598	5793,225080	0,177487	-0,023476	-0,321168	-0,120091	-160,456459	174,635424	90,000000	154,342093
	11	13,608816	5,567098	5,462281	-46,921956	2,200000	-0,550000	-0,550000	-3,300000	-0,500000	-0,250000	0,000000	-0,250000	5624,945862	10263,581588	4526,454898	6082,794527	0,155768	-0,021353	-0,333323	-0,073130	-162,696265	175,118083	90,000000	163,694738
	12	8,646016	5,560185	5,466488	-51,058988	2,200000	0,000000	-0,550000	-3,300000	-0,500000	0,000000	0,000000	-0,250000	5864,130826	10052,388001	4430,436022	6716,508430	0,204497	-0,042355	-0,340655	0,029642	-157,755745	90,000000	90,000000	-173,238115
	13	73,509368	5,749686	5,346627	-52,073538	2,200000	-0,550000	-1,100000	-3,850000	-0,500000	-0,250000	-0,250000	-0,375000	7140,244330	13641,275751	6885,886393	7718,480011	0,464476	0,314535	-0,153169	0,192136	-137,109401	-128,478541	148,505267	-152,871089
	14	16,638112	5,721566	5,373341	-51,058988	2,200000	0,000000	-0,550000	-3,300000	-0,500000	0,000000	0,000000	-0,250000	5878,139108	10049,699844	4614,409254	7672,907504	0,207351	-0,042622	-0,326607	0,184745	-157,476142	90,000000	90,000000	-143,536290
	15	9,926858	5,411115	5,537215	-52,073538	2,750000	0,000000	-0,550000	-3,300000	-0,250000	0,000000	0,000000	-0,250000	7307,700216	12982,305083	6457,658009	8288,299759	0,498591	0,249005	-0,185866	0,284546	-116,629776	-90,000000	90,000000	-131,302287
	16	11,427583	5,369263	5,547699	-52,073538	2,750000	0,000000	-0,550000	-3,300000	-0,250000	0,000000	0,000000	-0,250000	7280,000965	12361,343178	5904,036515	8555,701895	0,492948	0,187255	-0,228138	0,327912	-116,891975	-90,000000	90,000000	-127,321897
	17	10,386993	5,720544	5,402934	-51,058988	2,200000	0,000000	-0,550000	-3,300000	-0,500000	0,000000	0,000000	-0,250000	5196,905738	9005,196108	3909,582960	8092,386366	0,068565	-0,146491	-0,380425	0,252774	-172,191726	90,000000	90,000000	-134,683879
	18	4,597198	5,598801	5,463434	-52,073538	2,750000	0,000000	-0,550000	-3,300000	-0,250000	0,000000	0,000000	-0,250000	5933,959357	9579,956101	5167,243784	8586,593982	0,218723	-0,089335	-0,284396	0,332922	-138,817599	90,000000	90,000000	-126,903882
	19	9,492809	5,349342	5,531700	-55,433344	2,750000	0,550000	-0,550000	-3,300000	-0,250000	0,250000	0,000000	-0,250000	7314,615758	10923,365488	6708,581358	8919,018417	0,500000	0,044258	-0,166707	0,386832	-116,565051	-10,039123	90,000000	-122,873561
	20	0,204817	5,503664	5,499130	-55,433344	2,750000	0,550000	-0,550000	-3,300000	-0,250000	0,250000	0,000000	-0,250000	6797,619667	9629,949841	5883,383450	8795,863468	0,394674	-0,084363	-0,229715	0,366860	-122,351575	18,647130	90,000000	-124,272829
	21	2,278265	5,537448	5,492271	-58,304848	2,750000	0,550000	-0,550000	-3,850000	-0,250000	0,250000	0,000000	-0,375000	6357,991303	8782,257786	4820,698020	8256,520527	0,305110	-0,168660	-0,310856	0,279392	-129,330421	34,005224	90,000000	-143,312185
	22	8,861473	5,609305	5,478339	-56,260899	2,750000	0,000000	-1,100000	-3,850000	-0,250000	0,000000	-0,250000	-0,375000	6894,730364	9625,337458	5821,257960	8630,901208	0,414458	-0,084822	-0,234458	0,340107	-121,098274	90,000000	136,837439	-137,793459
	23	29,293028	5,170950	5,543358	-56,260899	3,300000	0,550000	-0,550000	-3,300000	0,000000	0,250000	0,000000	-0,250000	6704,192252	8470,062989	4439,626612	7231,938215	0,375640	-0,199706	-0,339953	0,113231	-90,000000	38,618681	90,000000	-155,632996
	24	15,360464	5,300867	5,542046	-56,260899	3,300000	0,550000	-0,550000	-3,300000	0,000000	0,250000	0,000000	-0,250000	5663,997496	7694,229138	3851,357737	6524,147041	0,163724	-0,276857	-0,384870	-0,001554	-90,000000	47,918185	90,000000	179,643848
	25	59,176969	5,005249	5,585711	-55,433344	3,300000	0,550000	0,000000	-3,300000	0,000000	0,250000	0,250000	-0,250000	6897,567173	10514,012446	5027,615765	6633,271211	0,415036	0,003551	-0,295057	0,016143	-90,000000	-0,813661	49,725601	-176,305402
	26	42,161430	5,111788	5,593357	-56,260899	3,300000	0,550000	-0,550000	-3,300000	0,000000	0,250000	0,000000	-0,250000	5978,619328	9162,296912	4810,117419	5893,655653	0,227821	-0,130868	-0,311664	-0,103803	-90,000000	27,630813	90,000000	157,451092
	27	38,286616	5,104316	5,611626	-55,433344	3,300000	0,550000	0,000000	-3,300000	0,000000	0,250000	0,250000	-0,250000	5412,204341	8576,912009	4550,122940	5415,967130	0,112427	-0,189080	-0,331516	-0,181272	-90,000000	37,101016	52,979642	144,054542
	28	14,290262	5,279807	5,580603	-52,073538	3,300000	0,000000	0,000000	-3,300000	0,000000	0,000000	0,250000	-0,250000	4165,248797	6986,454753	3527,109362	4811,213391	-0,141611	-0,347240	-0,409628	-0,279348	90,000000	90,000000	58,603896	131,826693
	29	10,462858	5,361873	5,560556	-53,043987	3,300000	0,000000	-0,550000	-3,300000	0,000000	0,000000	0,000000	-0,250000	4351,772210	7912,835895	4724,153802	5105,315611	-0,103612	-0,255118	-0,318228	-0,231652	90,000000	90,000000	90,000000	137,181570
	30	1,150389	5,521956	5,488149	-48,119403	2,750000	-0,550000	-0,550000	-3,300000	-0,250000	-0,250000	0,000000	-0,250000	3409,725829	6691,569939	3837,037428	4476,643860	-0,295532	-0,376564	-0,385964	-0,333606	130,228955	123,580062	90,000000	126,847386
	31	0,532323	5,490455	5,505755	-53,043987	3,300000	0,000000	-0,550000	-3,300000	0,000000	0,000000	0,000000	-0,250000	3700,965476	7203,451723	5207,241891	4657,652250	-0,236199	-0,325661	-0,281342	-0,304251	90,000000	90,000000	90,000000	129,409564
	32	6,128011	5,649048	5,395278	-52,073538	2,750000	0,000000	-0,550000	-3,300000	-0,250000	0,000000	0,000000	-0,250000	2932,516781	6328,028985	3922,106509	4416,875714	-0,392752	-0,412716	-0,379468	-0,343299	122,478112	90,000000	90,000000	126,063148
	33	2,046687	5,447497	5,530025	-53,043987	3,300000	0,000000	-0,550000	-3,300000	0,000000	0,000000	0,000000	-0,250000	3594,598562	6357,827486	5564,340532	4825,891370	-0,257868	-0,409753	-0,254075	-0,276967	90,000000	90,000000	90,000000	132,070464
	34	7,865272	5,249469	5,615716	-50,356942	3,850000	0,000000	-0,550000	-2,750000	0,250000	0,000000	0,000000	-0,125000	3637,893321	5952,579803	4851,836624	4934,027646	-0,249048	-0,450052	-0,308479	-0,259430	44,890709	90,000000	90,000000	115,725916
	35	1,569837	5,558886	5,464970	-53,043987	3,300000	0,000000	-0,550000	-3,300000	0,000000	0,000000	0,000000	-0,250000	2910,278368	6073,974600	3616,456186	4996,780217	-0,397283	-0,437980	-0,402806	-0,249254	90,000000	90,000000	90,000000	135,085659
	36	6,080916	5,294334	5,595599	-49,263521	3,300000	0,000000	-0,550000	-2,750000	0,000000	0,000000	0,000000	-0,125000	4000,285116	7341,322428	7553,900000	5671,347203	-0,175219	-0,311951	-0,102162	-0,139856	90,000000	90,000000	90,000000	131,789554
	37	5,960908	5,267880	5,609109	-53,043987	3,300000	0,550000	-0,550000	-2,750000	0,000000	0,250000	0,000000	-0,125000	3886,775331	7121,559501	7609,301186	6016,243682	-0,198344	-0,333805	-0,097932	-0,083923	90,000000	53,168986	90,000000	146,123260
	38	5,008643	5,286157	5,603894	-53,043987	3,300000	0,550000	-0,550000	-2,750000	0,000000	0,250000	0,000000	-0,125000	3828,567455	7182,607473	7854,429361	6307,470614	-0,210203	-0,327734	-0,079215	-0,036693	90,000000	52,663135	90,000000	163,640561
	39	1,691032	5,426082	5,543955	-53,043987	3,300000	0,550000	-0,550000	-2,750000	0,000000	0,250000	0,000000	-0,125000	3714,372981	7505,310402	8968,057099	6887,029510	-0,233467	-0,295644	0,005816	0,057296	90,000000	49,781724	-90,000000	-155,374731
	40	10,280046	5,107167	5,687738	-46,921956	3,300000	0,550000	0,550000	-2,200000	0,000000	0,250000	0,500000	0,000000	5322,825668	11871,800066	12090,502847	7866,721932	0,094218	0,138573	0,244230	0,216177	-90,000000	-28,999239	-26,033703	-90,000000
	41	7,925950	5,176522	5,669807	-51,058988	3,300000	0,550000	0,550000	-2,750000	0,000000	0,250000	0,500000	-0,125000	5559,212271	12203,254836	13122,485532	8930,186111	0,142377	0,171534	0,323028	0,388644	-90,000000	-34,455384	-32,864693	-107,829425
	42	6,883423	5,219279	5,655229	-46,921956	3,300000	0,550000	0,550000	-2,200000	0,000000	0,250000	0,500000	0,000000	5706,737131	12122,445795	13724,899346	9342,860481	0,172432	0,163498	0,369025	0,455569	-90,000000	-33,184344	-36,429180	-90,000000
	43	1,655263	5,436884	5,545846	-52,073538	3,300000	0,550000	0,000000	-2,750000	0,000000	0,250000	0,250000	-0,125000	5063,517863	12046,748492	14896,447038	9301,712432	0,041390	0,155970	0,458479	0,448896	-90,000000	-31,959265	-61,397175	-105,560457
	44	0,272696	5,490240	5,507607	-48,119403	3,300000	0,000000	0,000000	-2,750000	0,000000	0,000000	0,250000	-0,125000	4858,021980	12752,254103	15440,239737	8828,553254	-0,000475	0,226128	0,500000	0,372161	90,000000	-90,000000	-63,434949	-108,565956
	45	0,293686	5,490069	5,508317	-52,073538	3,300000	0,000000	0,000000	-3,300000	0,000000	0,000000	0,250000	-0,250000	4663,636459	12583,141844	15223,340731	8251,264153	-0,040076	0,209311	0,483439	0,278540	90,000000	-90,000000	-62,655218	-131,909166
	46	0,524451	5,482611	5,514972	-48,119403	3,300000	0,000000	0,000000	-2,750000	0,000000	0,000000	0,250000	-0,125000	4364,118689	11872,837092	14435,880221	7781,833007	-0,101096	0,138676	0,423312	0,202410	90,000000	-90,000000	-59,434712	-121,697721
	47	2,477341	5,575601	5,426504	-51,058988	2,750000	0,000000	0,000000	-3,300000	-0,250000	0,000000	0,250000	-0,250000	4063,488804	11881,299387	13798,671743	7293,795890	-0,162343	0,139518	0,374658	0,123263	147,001478	-90,000000	-56,285793	-153,754269
	48	3,018630	5,587464	5,411026	-51,058988	2,750000	0,000000	0,000000	-3,300000	-0,250000	0,000000	0,250000	-0,250000	3836,692692	12312,384110	13337,112440	7023,710939	-0,208547	0,182386	0,339415	0,079462	140,165508	-90,000000	-53,626111	-162,367168
	49	11,039555	5,826831	5,086633	-48,119403	2,750000	-0,550000	-0,550000	-3,300000	-0,250000	-0,250000	0,000000	-0,250000	2914,550699	9112,847727	11118,117514	6811,744855	-0,396413	-0,135785	0,169984	0,045087	122,237829	151,491765	-90,000000	-169,776729
	50	8,107291	5,762527	5,203791	-48,119403	2,750000	-0,550000	-0,550000	-3,300000	-0,250000	-0,250000	0,000000	-0,250000	2928,216825	8431,568005	9722,782945	6847,591496	-0,393628	-0,203534	0,063443	0,050900	122,420314	140,849735	-90,000000	-168,491800
	51	7,190542	5,737531	5,239412	-48,119403	2,750000	0,000000	-0,550000	-2,750000	-0,250000	0,000000	0,000000	-0,125000	2823,977360	8028,999918	8559,346078	6875,239738	-0,414865	-0,243566	-0,025391	0,055384	121,073416	90,000000	90,000000	-156,103144
	52	11,608764	5,911699	5,041502	-53,043987	2,750000	0,000000	-1,100000	-3,300000	-0,250000	0,000000	-0,250000	-0,250000	2511,982434	6936,687555	5860,224286	7010,322719	-0,478427	-0,352189	-0,231483	0,077291	117,589144	90,000000	137,202395	-162,820243
	53	9,110237	5,806594	5,235552	-52,073538	2,750000	0,000000	-0,550000	-3,300000	-0,250000	0,000000	0,000000	-0,250000	3089,814235	8340,184159	8238,785006	7519,613649	-0,360707	-0,212621	-0,049868	0,159885	124,725210	90,000000	90,000000	-147,399454
	54	11,831370	5,798375	5,275891	-48,119403	2,750000	-0,550000	-0,550000	-3,300000	-0,250000	-0,250000	0,000000	-0,250000	4005,004069	11921,480984	9593,290480	7933,971131	-0,174258	0,143513	0,053556	0,227083	145,122322	-150,141877	-90,000000	-137,750110
	55	7,218549	5,792127	5,313837	-52,073538	2,750000	0,550000	-0,550000	-2,750000	-0,250000	0,250000	0,000000	-0,125000	3127,650780	7049,163231	6456,865589	8231,055507	-0,352998	-0,341004	-0,185927	0,275263	125,306839	53,753795	90,000000	-114,423362
	56	0,406441	5,486394	5,505952	-52,073538	3,300000	0,550000	0,000000	-2,750000	0,000000	0,250000	0,250000	-0,125000	4363,774418	8635,400916	7491,681038	8309,088509	-0,101166	-0,183264	-0,106913	0,287918	90,000000	36,243530	23,154084	-113,468177
	57	2,022044	5,564456	5,473186	-49,263521	3,300000	0,000000	-0,550000	-2,750000	0,000000	0,000000	0,000000	-0,125000	4245,510694	8100,734652	7055,557197	7947,662870	-0,125260	-0,236433	-0,140213	0,229304	90,000000	90,000000	90,000000	-118,596076
	58	6,333898	5,351599	5,554760	-48,119403	3,300000	0,000000	0,000000	-2,750000	0,000000	0,000000	0,250000	-0,125000	5053,344289	9742,643243	7601,857403	7771,301410	0,039318	-0,073157	-0,098501	0,200702	-90,000000	90,000000	21,504547	-121,915187
	59	1,821063	5,442991	5,519500	-49,263521	3,300000	0,000000	-0,550000	-2,750000	0,000000	0,000000	0,000000	-0,125000	3577,392973	6858,280266	3312,157614	6119,770793	-0,261374	-0,359986	-0,426041	-0,067133	90,000000	90,000000	90,000000	151,761198
	60	6,861032	5,630708	5,434144	-48,119403	2,750000	0,000000	-0,550000	-2,750000	-0,250000	0,000000	0,000000	-0,125000	4429,967756	8371,316798	5030,649174	6235,852643	-0,087681	-0,209525	-0,294825	-0,048308	160,673001	90,000000	90,000000	158,870295
	61	24,037741	5,270270	5,595715	-46,921956	2,750000	0,000000	0,000000	-2,750000	-0,250000	0,000000	0,250000	-0,125000	5328,784515	9321,891671	4809,576908	5774,788207	0,095432	-0,114998	-0,311705	-0,123081	-159,106680	90,000000	51,269016	135,443257
	62	30,928362	5,476763	5,513074	-46,921956	2,200000	-0,550000	-0,550000	-3,300000	-0,500000	-0,250000	0,000000	-0,250000	5988,920731	12776,544285	5757,746319	6078,664257	0,229920	0,228543	-0,239308	-0,073800	-155,305139	-137,567274	90,000000	163,553428
	63	17,680675	5,336310	5,578740	-48,119403	2,750000	0,000000	-0,550000	-2,750000	-0,250000	0,000000	0,000000	-0,125000	5407,303007	8887,620804	3816,547742	5983,565157	0,111429	-0,158183	-0,387528	-0,089222	-155,976766	90,000000	90,000000	144,481516
	64	25,773613	5,663922	5,402251	-46,921956	2,200000	-0,550000	-0,550000	-3,300000	-0,500000	-0,250000	0,000000	-0,250000	6434,597802	12141,318070	5698,900169	7379,975803	0,320716	0,165375	-0,243801	0,137239	-147,322550	-146,515430	90,000000	-151,235087
	65	8,183232	5,387537	5,549183	-48,119403	2,750000	0,000000	-0,550000	-2,750000	-0,250000	0,000000	0,000000	-0,125000	5658,823628	9486,684219	3809,490994	6919,301298	0,162670	-0,098610	-0,388067	0,062530	-146,948713	90,000000	90,000000	-153,424015
	66	39,175439	5,084546	5,642107	-52,073538	3,300000	0,550000	0,000000	-2,750000	0,000000	0,250000	0,250000	-0,125000	6961,440064	11337,442807	5155,352339	7436,252947	0,428049	0,085435	-0,285304	0,146366	-90,000000	-18,867320	48,773238	-130,498092
	67	25,983602	5,159448	5,620803	-51,058988	2,750000	0,550000	0,000000	-2,750000	-0,250000	0,250000	0,250000	-0,125000	6668,895886	10911,900463	4967,256933	7837,582907	0,368449	0,043118	-0,299666	0,211451	-124,157650	-9,785571	50,163013	-120,589552
	68	17,869999	5,204064	5,598368	-51,058988	2,750000	0,550000	0,000000	-2,750000	-0,250000	0,250000	0,250000	-0,125000	6307,200070	10563,739651	4826,886298	7809,909137	0,294762	0,008496	-0,310384	0,206963	-130,302663	-1,946282	51,150137	-121,130771
	69	4,169557	5,408850	5,533038	-52,073538	2,750000	0,550000	-0,550000	-2,750000	-0,250000	0,250000	0,000000	-0,125000	5714,961070	9568,468963	4638,529397	8093,850127	0,174107	-0,090477	-0,324766	0,253011	-145,145573	19,895622	90,000000	-116,291624
	70	23,105766	5,096758	5,577106	-52,073538	3,300000	0,550000	0,000000	-2,750000	0,000000	0,250000	0,250000	-0,125000	6249,186921	9470,535838	4291,121494	7367,925388	0,282943	-0,100216	-0,351292	0,135285	-90,000000	21,844051	54,562124	-132,737150
	71	23,969951	5,096703	5,564311	-52,073538	3,300000	0,550000	0,000000	-2,750000	0,000000	0,250000	0,250000	-0,125000	6040,985595	8765,677929	3740,103986	7121,212141	0,240527	-0,170309	-0,393365	0,095275	-90,000000	34,264107	57,562335	-142,685478
	72	5,171753	5,401552	5,521599	-53,043987	3,300000	0,550000	-0,550000	-2,750000	0,000000	0,250000	0,000000	-0,125000	6168,995598	9055,790991	5311,315164	8284,060835	0,266606	-0,141459	-0,273395	0,283859	-90,000000	29,502804	90,000000	-113,766772
	73	7,149169	5,640878	5,464899	-55,433344	2,750000	0,550000	-0,550000	-3,300000	-0,250000	0,250000	0,000000	-0,250000	5684,582066	8349,486210	4479,525516	8026,993970	0,167918	-0,211696	-0,336907	0,242169	-146,111859	40,257443	90,000000	-135,911562
	74	10,055962	5,666029	5,459947	-56,260899	2,750000	0,550000	-1,100000	-3,300000	-0,250000	0,250000	-0,250000	-0,250000	5412,273608	7840,221110	3912,068844	7560,193384	0,112441	-0,262339	-0,380235	0,166466	-155,783441	46,379648	123,324462	-146,341781
	75	37,109998	5,092586	5,553683	-53,043987	3,300000	0,550000	-0,550000	-2,750000	0,000000	0,250000	0,000000	-0,125000	5495,388568	7403,714247	2902,143993	6161,395617	0,129374	-0,305747	-0,457348	-0,060383	-90,000000	50,728156	90,000000	154,216496
	76	34,975611	5,132749	5,556371	-53,043987	3,300000	0,550000	-0,550000	-2,750000	0,000000	0,250000	0,000000	-0,125000	5676,711712	7570,783700	3392,647955	6146,723577	0,166315	-0,289133	-0,419895	-0,062762	-90,000000	49,151523	90,000000	153,338811
	77	16,867785	5,272094	5,554158	-53,043987	3,300000	0,000000	-0,550000	-3,300000	0,000000	0,000000	0,000000	-0,250000	4746,539280	7017,008010	3109,830737	5478,201881	-0,023187	-0,344202	-0,441490	-0,171179	90,000000	90,000000	90,000000	145,599871
	78	28,135437	5,099767	5,598095	-52,073538	3,300000	0,550000	0,000000	-2,750000	0,000000	0,250000	0,250000	-0,125000	4958,045698	7411,597510	3641,344703	5523,253448	0,019903	-0,304963	-0,400906	-0,163873	-90,000000	50,656056	58,052843	127,335841
	79	25,672110	5,044224	5,624915	-53,043987	3,850000	0,550000	0,000000	-2,750000	0,250000	0,250000	0,250000	-0,125000	4266,144501	6632,606788	3275,579693	4991,208342	-0,121056	-0,382428	-0,428834	-0,250157	25,837430	56,826636	59,758831	116,550646
	80	3,191145	5,570362	5,464122	-53,043987	3,300000	0,000000	-0,550000	-3,300000	0,000000	0,000000	0,000000	-0,250000	3356,911113	6745,430544	3473,854796	5144,142780	-0,306292	-0,371208	-0,413695	-0,225355	90,000000	90,000000	90,000000	137,967846
	81	8,943558	5,303062	5,582225	-52,073538	3,300000	0,000000	0,000000	-3,300000	0,000000	0,000000	0,250000	-0,250000	3324,634348	6442,001798	3144,066665	4514,580999	-0,312867	-0,401382	-0,438876	-0,327454	90,000000	90,000000	60,332541	127,360513
	82	6,799808	5,664071	5,392491	-53,043987	3,300000	0,000000	-0,550000	-3,300000	0,000000	0,000000	0,000000	-0,250000	2956,656472	6311,027732	3583,891765	4743,946546	-0,387834	-0,414407	-0,405293	-0,290257	90,000000	90,000000	90,000000	130,738535
	83	0,417291	5,510226	5,493745	-53,043987	3,300000	0,000000	-0,550000	-3,300000	0,000000	0,000000	0,000000	-0,250000	3336,903119	6170,114975	4783,651058	4857,436129	-0,310368	-0,428419	-0,313685	-0,271852	90,000000	90,000000	90,000000	132,602240
	84	5,102798	5,650527	5,396567	-53,043987	3,300000	0,000000	-0,550000	-3,300000	0,000000	0,000000	0,000000	-0,250000	2780,322789	6011,372104	3228,747673	4655,622086	-0,423758	-0,444205	-0,432410	-0,304581	90,000000	90,000000	90,000000	129,379171
	85	4,951430	5,356095	5,575081	-49,263521	3,300000	0,000000	-0,550000	-2,750000	0,000000	0,000000	0,000000	-0,125000	3760,825271	6555,241274	6160,201145	5120,417811	-0,224004	-0,390121	-0,208578	-0,229203	90,000000	90,000000	90,000000	118,606666
	86	5,915038	5,284022	5,605574	-53,972627	3,850000	0,550000	-0,550000	-2,750000	0,250000	0,250000	0,000000	-0,125000	3561,899990	6060,341169	5668,056872	5353,411500	-0,264530	-0,439336	-0,246156	-0,191417	46,617564	60,358353	90,000000	123,145497
	87	8,254601	5,147674	5,651384	-53,043987	3,850000	0,550000	0,000000	-2,750000	0,250000	0,250000	0,250000	-0,125000	3514,117390	5772,767000	5272,921203	5482,188695	-0,274265	-0,467933	-0,276327	-0,170533	47,649935	61,885989	47,863533	126,241291
	88	8,593384	5,098767	5,663340	-53,043987	3,850000	0,550000	0,000000	-2,750000	0,250000	0,250000	0,250000	-0,125000	3461,232861	5819,961928	5194,189795	5711,704224	-0,285039	-0,463240	-0,282338	-0,133311	48,746835	61,645269	48,476308	133,157107
	89	1,040950	5,446475	5,528728	-53,043987	3,300000	0,550000	-0,550000	-2,750000	0,000000	0,250000	0,000000	-0,125000	2726,164366	5885,381417	4033,849265	5702,776604	-0,434792	-0,456734	-0,370936	-0,134759	90,000000	61,305279	90,000000	132,848407
	90	5,651887	5,212315	5,640282	-53,043987	3,850000	0,550000	0,000000	-2,750000	0,250000	0,250000	0,250000	-0,125000	3284,444762	6428,924045	6093,402459	6175,952884	-0,321055	-0,402683	-0,213679	-0,058022	52,092733	58,166496	40,521012	155,100345
	91	4,404023	5,264324	5,620919	-53,043987	3,850000	0,550000	0,000000	-2,750000	0,250000	0,250000	0,250000	-0,125000	3312,266434	6597,405020	6405,171830	6728,588551	-0,315387	-0,385929	-0,189874	0,031601	51,596958	57,065303	37,216467	-165,812382
	92	11,130665	4,950484	5,735981	-48,119403	3,850000	0,550000	0,550000	-2,200000	0,250000	0,250000	0,500000	0,000000	4508,062932	8141,985509	9631,069626	7607,550180	-0,071771	-0,232331	0,056440	0,174146	16,017910	42,902032	-6,440307	-90,000000
	93	8,219604	5,086942	5,699527	-46,921956	3,300000	0,550000	0,550000	-2,200000	0,000000	0,250000	0,500000	0,000000	4536,873193	8630,333579	10239,204194	8202,697250	-0,065901	-0,183768	0,102874	0,270664	90,000000	36,318578	-11,626289	-90,000000
	94	2,507051	5,417053	5,551192	-48,119403	3,300000	0,000000	0,000000	-2,750000	0,000000	0,000000	0,250000	-0,125000	5670,178846	15506,316751	14651,223356	9046,670319	0,164984	0,500000	0,439755	0,407534	-90,000000	-90,000000	-60,381816	-107,051963
	95	6,230583	5,202286	5,662518	-46,921956	3,300000	0,550000	0,550000	-2,200000	0,000000	0,250000	0,500000	0,000000	4720,940628	8498,520645	10823,738928	8499,510596	-0,028402	-0,196876	0,147507	0,318799	90,000000	38,220567	-16,436752	-90,000000
	96	5,373015	5,707763	5,335415	-52,073538	2,750000	0,000000	-0,550000	-3,300000	-0,250000	0,000000	0,000000	-0,250000	4368,112573	10258,480437	13372,289743	8980,531579	-0,100283	-0,021860	0,342101	0,396808	158,142777	90,000000	-90,000000	-122,212041
	97	6,868881	5,742146	5,293639	-48,119403	2,750000	-0,550000	-0,550000	-3,300000	-0,250000	-0,250000	0,000000	-0,250000	4284,903523	11533,538653	13854,881125	8750,665370	-0,117235	0,104935	0,378950	0,359530	154,876326	-157,230219	-90,000000	-124,812914
	98	6,753126	5,724745	5,303532	-52,073538	2,750000	-0,550000	-0,550000	-3,850000	-0,250000	-0,250000	0,000000	-0,375000	4213,947809	12234,885342	13887,494545	8364,030025	-0,131690	0,174679	0,381440	0,296828	152,221505	-145,057354	-90,000000	-141,636965
	99	4,023012	5,637369	5,383637	-49,263521	3,300000	-0,550000	-0,550000	-3,300000	0,000000	-0,250000	0,000000	-0,250000	3978,117117	11108,584267	13024,330561	8043,269453	-0,179735	0,062676	0,315533	0,244809	90,000000	-165,925695	-90,000000	-135,601120
	100	1,785167	5,417345	5,555558	-52,073538	3,300000	0,550000	0,000000	-2,750000	0,000000	0,250000	0,250000	-0,125000	3223,613969	6969,193337	7153,896507	7093,901018	-0,333448	-0,348957	-0,132705	0,090845	90,000000	54,381390	27,960193	-143,991726
	101	1,337119	5,449357	5,531579	-48,119403	3,300000	0,000000	0,000000	-2,750000	0,000000	0,000000	0,250000	-0,125000	3920,838039	9417,415979	10810,046730	7443,362525	-0,191405	-0,105498	0,146461	0,147519	90,000000	90,000000	-30,363667	-130,276212
	102	3,442531	5,360294	5,573934	-52,073538	3,300000	0,550000	0,000000	-2,750000	0,000000	0,250000	0,250000	-0,125000	3701,241728	8303,953922	9258,339768	7232,514592	-0,236142	-0,216224	0,027980	0,113325	90,000000	40,856429	-6,386048	-137,804560
	103	3,334856	5,353519	5,569694	-52,073538	3,300000	0,550000	0,000000	-2,750000	0,000000	0,250000	0,250000	-0,125000	3501,388703	7600,494975	8085,631833	7365,574785	-0,276858	-0,286178	-0,061562	0,134904	90,000000	48,860145	13,833713	-132,817745
	104	0,986564	5,553160	5,475927	-48,119403	3,300000	0,550000	0,000000	-2,200000	0,000000	0,250000	0,250000	0,000000	2697,307132	6200,158949	5432,183845	7406,543540	-0,440671	-0,425432	-0,264166	0,141548	90,000000	59,559878	46,578202	-90,000000
	105	10,373990	6,040036	5,175725	-53,043987	2,750000	0,550000	-1,100000	-2,750000	-0,250000	0,250000	-0,250000	-0,125000	2406,089098	6253,723700	6434,387141	8071,979495	-0,500000	-0,420105	-0,187643	0,249465	116,565051	59,243587	143,109154	-116,614223
	106	2,173708	5,589798	5,467806	-49,263521	3,300000	0,550000	-0,550000	-2,200000	0,000000	0,250000	0,000000	0,000000	3993,926311	9401,183023	11345,089685	8430,659149	-0,176514	-0,107113	0,187314	0,307633	90,000000	23,192720	-90,000000	-90,000000
	107	8,620408	5,968101	5,289820	-53,043987	3,300000	0,550000	-0,550000	-2,750000	0,000000	0,250000	0,000000	-0,125000	2850,070262	6576,108477	7675,275121	8586,103895	-0,409549	-0,388046	-0,092895	0,332842	90,000000	57,208219	90,000000	-110,583831
	108	9,045283	5,997513	5,284343	-53,972627	3,300000	0,550000	-1,100000	-2,750000	0,000000	0,250000	-0,250000	-0,125000	2802,157950	6278,954173	6351,913298	8466,682125	-0,419310	-0,417596	-0,193940	0,313475	90,000000	59,092543	142,197098	-111,739923
	109	11,960694	6,026089	5,237554	-53,043987	2,750000	0,000000	-1,100000	-3,300000	-0,250000	0,000000	-0,250000	-0,250000	3183,243057	6664,156430	7234,608211	7878,907853	-0,341673	-0,379291	-0,126542	0,218153	126,192728	90,000000	153,152946	-138,891621
	110	3,290028	5,389144	5,535778	-48,119403	3,300000	0,000000	0,000000	-2,750000	0,000000	0,000000	0,250000	-0,125000	4195,951855	7715,649291	5581,011699	6947,399340	-0,135356	-0,274727	-0,252802	0,067087	90,000000	90,000000	45,319342	-151,777866
	111	17,624344	5,121675	5,604882	-48,119403	3,300000	0,000000	0,000000	-2,750000	0,000000	0,000000	0,250000	-0,125000	5044,011455	8664,963939	5440,057199	6347,498944	0,037416	-0,180324	-0,263565	-0,030202	-90,000000	90,000000	46,513028	166,416838
	112	20,864859	5,141202	5,617735	-48,119403	3,300000	0,000000	0,000000	-2,750000	0,000000	0,000000	0,250000	-0,125000	4788,371652	8178,112681	4200,515489	5663,694405	-0,014664	-0,228738	-0,358210	-0,141097	90,000000	90,000000	55,088276	131,538168
	113	20,394358	5,195315	5,608662	-48,119403	3,300000	0,000000	0,000000	-2,750000	0,000000	0,000000	0,250000	-0,125000	4799,173673	8024,045591	3545,450742	5549,998829	-0,012464	-0,244059	-0,408228	-0,159536	90,000000	90,000000	58,516572	128,079526
	114	11,762534	5,282656	5,585235	-49,263521	3,300000	0,000000	-0,550000	-2,750000	0,000000	0,000000	0,000000	-0,125000	4774,364394	8227,558712	3384,981330	5919,248069	-0,017518	-0,223821	-0,420481	-0,099653	90,000000	90,000000	90,000000	141,437289
	115	9,804636	5,292251	5,580021	-46,921956	2,750000	0,000000	0,000000	-2,750000	-0,250000	0,000000	0,250000	-0,125000	4951,160479	8440,217090	3508,377716	6364,007451	0,018500	-0,202674	-0,411059	-0,027525	-175,767812	90,000000	58,692629	167,581851
	116	29,806815	4,960367	5,659075	-48,119403	3,300000	0,550000	0,000000	-2,200000	0,000000	0,250000	0,250000	0,000000	6394,479672	10652,715499	4825,652491	7244,762024	0,312543	0,017344	-0,310478	0,115311	-90,000000	-3,968490	51,158631	-90,000000
	117	30,697852	4,930018	5,646471	-48,119403	3,300000	0,550000	0,000000	-2,200000	0,000000	0,250000	0,250000	0,000000	6617,413161	11113,028562	5116,284787	7433,237114	0,357961	0,063118	-0,288287	0,145877	-90,000000	-14,169564	49,068424	-90,000000
	118	20,231617	5,037998	5,607466	-48,119403	3,300000	0,550000	0,000000	-2,200000	0,000000	0,250000	0,250000	0,000000	5452,465125	9077,756368	3907,051889	6612,957804	0,120629	-0,139275	-0,380618	0,012849	-90,000000	29,122187	56,702016	-90,000000
	119	16,901636	5,062246	5,589989	-48,119403	3,300000	0,550000	0,000000	-2,200000	0,000000	0,250000	0,250000	0,000000	5285,668958	8716,015182	3811,554553	6668,116846	0,086649	-0,175248	-0,387910	0,021794	-90,000000	35,030095	57,199022	-90,000000
	120	19,233647	4,993590	5,580307	-43,447427	3,300000	0,550000	0,000000	-1,650000	0,000000	0,250000	0,250000	0,125000	5179,868103	8129,572051	3568,520183	6682,071111	0,065094	-0,233565	-0,406466	0,024057	-90,000000	43,053465	58,406118	-10,893806
	121	6,251397	5,689480	5,445889	-52,073538	2,750000	0,550000	-0,550000	-2,750000	-0,250000	0,250000	0,000000	-0,125000	5162,003343	8377,313682	4833,487909	8175,608197	0,061454	-0,208929	-0,309880	0,266270	-166,189500	39,886062	90,000000	-115,147591
	122	5,842245	5,643314	5,470419	-56,260899	2,750000	0,550000	-1,100000	-3,300000	-0,250000	0,250000	-0,250000	-0,250000	6027,691270	9269,289783	6249,973173	8840,066723	0,237819	-0,120228	-0,201724	0,374029	-136,430448	25,683533	141,100106	-123,758698
	123	11,309299	5,767891	5,448892	-53,043987	2,750000	0,000000	-1,100000	-3,300000	-0,250000	0,000000	-0,250000	-0,250000	5574,679549	8530,832278	5631,114707	8574,763635	0,145528	-0,193663	-0,248977	0,331003	-149,795835	90,000000	135,117489	-127,063012
	124	13,830286	5,797767	5,451607	-53,043987	2,750000	0,000000	-1,100000	-3,300000	-0,250000	0,000000	-0,250000	-0,250000	5354,212321	7941,745591	4815,894081	8081,536121	0,100613	-0,252243	-0,311223	0,251014	-158,077650	90,000000	128,774298	-134,883996
	125	18,489092	5,789666	5,464233	-53,043987	2,750000	0,000000	-1,100000	-3,300000	-0,250000	0,000000	-0,250000	-0,250000	5840,511895	8647,828695	5733,960675	8063,307818	0,199685	-0,182028	-0,241124	0,248058	-141,384230	90,000000	136,035384	-135,223378
	126	20,744721	5,237699	5,503544	-49,263521	3,300000	0,000000	-0,550000	-2,750000	0,000000	0,000000	0,000000	-0,125000	4896,146095	6992,529056	3276,189673	5764,286086	0,007292	-0,346636	-0,428787	-0,124784	-90,000000	90,000000	90,000000	135,049567
	127	46,021597	4,792335	5,500000	-49,263521	3,850000	0,550000	0,000000	-2,200000	0,250000	0,250000	0,250000	0,000000	5299,888889	6840,888889	3674,333333	5278,555556	0,089545	-0,361716	-0,398387	-0,203557	-19,706610	55,349694	57,890479	90,000000
	128	31,374535	4,958334	5,559500	-49,263521	3,850000	0,550000	0,000000	-2,200000	0,250000	0,250000	0,250000	0,000000	4426,160432	6394,999495	3121,561202	4715,782864	-0,088457	-0,406056	-0,440594	-0,294824	19,485141	58,380301	60,428741	90,000000
	129	22,372552	5,048434	5,602349	-49,263521	3,850000	0,550000	0,000000	-2,200000	0,250000	0,250000	0,250000	0,000000	4382,847899	6868,021849	4123,104192	5072,254166	-0,097281	-0,359018	-0,364121	-0,237014	21,262131	55,148779	55,527102	90,000000
	130	20,974560	5,055016	5,604951	-44,800364	3,850000	0,000000	0,000000	-2,200000	0,250000	0,000000	0,250000	0,000000	3532,750085	6310,645571	2857,351624	4196,524597	-0,270469	-0,414445	-0,460768	-0,379034	47,252125	90,000000	61,516953	90,000000
	131	3,410466	5,417326	5,535434	-49,263521	3,300000	0,000000	-0,550000	-2,750000	0,000000	0,000000	0,000000	-0,125000	3514,362675	6575,469389	4326,876197	4892,174274	-0,274215	-0,388110	-0,348562	-0,266218	90,000000	90,000000	90,000000	115,151934
	132	11,189498	5,211228	5,616614	-49,263521	3,850000	0,000000	0,000000	-2,750000	0,250000	0,000000	0,250000	-0,125000	3520,644311	6246,903652	4106,638252	4670,263138	-0,272935	-0,420783	-0,365378	-0,302206	47,511269	90,000000	55,619200	112,471200
	133	7,556921	5,701921	5,374097	-53,972627	3,300000	0,000000	-1,100000	-3,300000	0,000000	0,000000	-0,250000	-0,250000	2945,430626	6150,165790	3709,240151	4698,543522	-0,390122	-0,430403	-0,395722	-0,297620	90,000000	90,000000	122,282938	130,030177
	134	6,077101	5,663731	5,396557	-53,972627	3,300000	0,000000	-1,100000	-3,300000	0,000000	0,000000	-0,250000	-0,250000	3347,834133	6195,202676	5127,334543	5014,781981	-0,308141	-0,425925	-0,287443	-0,246334	90,000000	90,000000	131,014712	135,423167
	135	1,653207	5,550295	5,469457	-53,043987	3,300000	0,000000	-0,550000	-3,300000	0,000000	0,000000	0,000000	-0,250000	3240,322541	6121,747027	4944,106148	4965,966190	-0,330044	-0,433229	-0,301433	-0,254251	90,000000	90,000000	90,000000	134,517007
	136	3,330353	5,619496	5,425455	-53,043987	3,300000	0,000000	-0,550000	-3,300000	0,000000	0,000000	0,000000	-0,250000	2846,015630	5936,768734	3479,657307	4828,266100	-0,410375	-0,451624	-0,413252	-0,276582	90,000000	90,000000	90,000000	132,110121
	137	4,543437	5,313871	5,586517	-50,356942	3,850000	0,000000	-0,550000	-2,750000	0,250000	0,000000	0,000000	-0,125000	2916,681381	5450,300249	3159,567977	4769,402231	-0,395979	-0,500000	-0,437692	-0,286128	57,733840	90,000000	90,000000	113,598916
	138	0,511571	5,521801	5,487888	-53,972627	3,850000	0,550000	-0,550000	-2,750000	0,250000	0,250000	0,000000	-0,125000	3019,894580	5728,780326	4904,322230	5553,630500	-0,374951	-0,472307	-0,304471	-0,158947	56,306489	62,106988	90,000000	128,182451
	139	7,587680	5,173359	5,638967	-53,043987	3,850000	0,550000	0,000000	-2,750000	0,250000	0,250000	0,250000	-0,125000	3698,105431	6356,507757	6323,520902	5746,866394	-0,236781	-0,409884	-0,196108	-0,127609	43,444489	58,619791	38,111781	134,408273
	140	1,922557	5,405404	5,548627	-53,972627	3,850000	0,550000	-0,550000	-2,750000	0,250000	0,250000	0,000000	-0,125000	2982,739447	5931,158749	4850,639285	5657,700395	-0,382521	-0,452182	-0,308570	-0,142069	56,832998	61,062904	90,000000	131,342995
	141	1,462619	5,423976	5,539925	-53,972627	3,850000	0,550000	-0,550000	-2,750000	0,250000	0,250000	0,000000	-0,125000	2891,120029	5861,869342	4601,088874	5905,991854	-0,401186	-0,459072	-0,327625	-0,101803	58,070809	61,428329	90,000000	140,839835
	142	7,450705	5,107872	5,659666	-49,263521	3,850000	0,550000	0,000000	-2,200000	0,250000	0,250000	0,250000	0,000000	3628,022286	6430,530744	6241,177461	6354,055930	-0,251059	-0,402523	-0,202395	-0,029138	45,121104	58,156306	38,992995	90,000000
	143	12,409705	4,897407	5,712603	-48,119403	3,850000	0,550000	0,550000	-2,200000	0,250000	0,250000	0,500000	0,000000	4710,464738	8436,090826	9349,283334	7300,621956	-0,030536	-0,203084	0,034924	0,124370	6,963883	39,088221	-3,995547	-90,000000
	144	7,955577	5,086911	5,684621	-48,119403	3,850000	0,550000	0,550000	-2,200000	0,250000	0,250000	0,500000	0,000000	4466,832377	8602,640597	9926,126082	8003,900363	-0,080171	-0,186522	0,078969	0,238424	17,780154	36,726172	-8,975073	-90,000000
	145	7,796561	5,087306	5,688174	-48,119403	3,850000	0,550000	0,550000	-2,200000	0,250000	0,250000	0,500000	0,000000	4730,114657	8356,513491	10085,621102	8430,459014	-0,026533	-0,210998	0,091148	0,307601	6,058229	40,164040	-10,331291	-90,000000
	146	7,516353	5,108880	5,691494	-48,119403	3,850000	0,550000	0,550000	-2,200000	0,250000	0,250000	0,500000	0,000000	4774,177909	8209,354851	10288,528848	8506,672402	-0,017556	-0,225631	0,106641	0,319961	4,016964	42,067067	-12,039713	-90,000000
	147	7,065976	5,790327	5,267050	-48,119403	2,750000	-0,550000	-0,550000	-3,300000	-0,250000	-0,250000	0,000000	-0,250000	4076,448980	10488,473600	13501,028215	9079,182030	-0,159702	0,001011	0,351931	0,412807	147,429170	-179,768332	-90,000000	-121,199521
	148	1,293969	5,440717	5,542711	-52,073538	3,300000	0,000000	0,000000	-3,300000	0,000000	0,000000	0,250000	-0,250000	3901,468558	8687,317355	11086,643622	8106,750947	-0,195351	-0,178101	0,167581	0,255104	90,000000	90,000000	-33,834847	-134,421102
	149	7,891363	5,775861	5,245351	-52,073538	2,750000	-0,550000	-0,550000	-3,850000	-0,250000	-0,250000	0,000000	-0,375000	3858,336401	12131,404031	13928,577122	8429,737595	-0,204138	0,164389	0,384577	0,307484	140,766596	-146,672887	-90,000000	-140,649737
	150	6,173928	5,767554	5,239898	-53,043987	3,300000	0,000000	-0,550000	-3,300000	0,000000	0,000000	0,000000	-0,250000	2753,693772	7360,298100	8035,388663	7567,534465	-0,429184	-0,310064	-0,065398	0,167657	90,000000	90,000000	90,000000	-146,153160
	151	7,514392	5,763060	5,254512	-48,119403	2,750000	-0,550000	-0,550000	-3,300000	-0,250000	-0,250000	0,000000	-0,250000	3344,387873	10810,916565	11944,991527	7828,825610	-0,308843	0,033076	0,233120	0,210031	128,989219	-172,463417	-90,000000	-139,965543
	152	3,177668	5,624869	5,406579	-52,073538	3,300000	0,000000	0,000000	-3,300000	0,000000	0,000000	0,250000	-0,250000	3344,137577	9478,436464	9649,700993	7629,562467	-0,308894	-0,099430	0,057863	0,177716	90,000000	90,000000	-13,031706	-144,592366
	153	8,463037	5,884129	5,185623	-53,043987	3,300000	0,000000	-0,550000	-3,300000	0,000000	0,000000	0,000000	-0,250000	2496,224035	7016,164726	6372,439505	7564,407061	-0,481637	-0,344286	-0,192373	0,167149	90,000000	90,000000	90,000000	-146,233414
	154	5,075816	5,757260	5,342937	-49,263521	3,300000	0,000000	-0,550000	-2,750000	0,000000	0,000000	0,000000	-0,125000	2572,469052	6297,584502	4938,647715	7460,085154	-0,466104	-0,415744	-0,301850	0,150231	90,000000	90,000000	90,000000	-129,762209
	155	0,199534	5,492461	5,503289	-52,073538	3,300000	0,550000	0,000000	-2,750000	0,000000	0,250000	0,250000	-0,125000	4096,666130	10804,272939	9300,203248	8398,949920	-0,155584	0,032415	0,031177	0,302491	90,000000	-7,387725	-7,108507	-112,452166
	156	1,564887	5,591870	5,464012	-53,043987	3,850000	0,550000	0,000000	-2,750000	0,250000	0,250000	0,250000	-0,125000	2726,715988	6387,380054	4958,048148	7790,520711	-0,434680	-0,406814	-0,300369	0,203819	60,095232	58,427968	50,229052	-121,520320
	157	0,562676	5,534034	5,488856	-49,263521	3,850000	0,550000	0,000000	-2,200000	0,250000	0,250000	0,250000	0,000000	2825,512769	6220,548398	5289,835987	8137,207520	-0,414552	-0,423404	-0,275035	0,260043	58,907476	59,440177	47,729960	-90,000000
	158	15,525797	6,114855	5,199446	-44,800364	2,750000	-1,100000	-1,100000	-3,300000	-0,250000	-0,500000	-0,250000	-0,250000	3607,050822	10376,476117	12530,559904	8906,165723	-0,255332	-0,010127	0,277831	0,384748	134,395520	178,839746	-131,981746	-123,014838
	159	6,920571	5,879308	5,367398	-49,263521	3,300000	0,550000	-0,550000	-2,200000	0,000000	0,250000	0,000000	0,000000	3217,060718	6834,049169	8293,979887	8987,569526	-0,334783	-0,362396	-0,045653	0,397950	90,000000	55,400021	90,000000	-90,000000
	160	7,521747	5,835901	5,392680	-49,263521	3,300000	0,000000	-0,550000	-2,750000	0,000000	0,000000	0,000000	-0,125000	3838,506447	7985,670596	9816,029769	8401,654724	-0,208178	-0,247875	0,070563	0,302929	90,000000	90,000000	-90,000000	-112,422876
	161	10,866101	5,944626	5,327474	-53,043987	2,750000	0,000000	-1,100000	-3,300000	-0,250000	0,000000	-0,250000	-0,250000	3688,351685	7739,551053	8248,472856	7649,110700	-0,238768	-0,272350	-0,049128	0,180886	136,316398	90,000000	168,882325	-144,112590
	162	8,504787	5,760863	5,402668	-48,119403	2,750000	-0,550000	-0,550000	-3,300000	-0,250000	-0,250000	0,000000	-0,250000	4260,272531	8837,261984	7186,289698	7192,063157	-0,122253	-0,163191	-0,130231	0,106765	153,940895	146,865022	90,000000	-156,874655
	163	12,981943	5,825049	5,360300	-49,263521	2,750000	-0,550000	-1,100000	-3,300000	-0,250000	-0,250000	-0,250000	-0,250000	4094,169174	8121,415580	5503,029747	6427,841283	-0,156092	-0,234376	-0,258757	-0,017172	148,020613	136,847440	134,013919	176,070562
	164	11,925866	5,254937	5,567992	-49,263521	3,300000	0,000000	-0,550000	-2,750000	0,000000	0,000000	0,000000	-0,125000	4357,651450	7786,175806	3794,203438	5505,925319	-0,102414	-0,267714	-0,389234	-0,166683	90,000000	90,000000	90,000000	126,867141
	165	12,395486	5,273544	5,567700	-48,119403	2,750000	0,000000	-0,550000	-2,750000	-0,250000	0,000000	0,000000	-0,125000	4370,032272	7814,486165	3471,580192	5331,507108	-0,099892	-0,264898	-0,413868	-0,194970	158,220028	90,000000	90,000000	122,664983
	166	12,014820	5,269527	5,572283	-48,119403	2,750000	0,000000	-0,550000	-2,750000	-0,250000	0,000000	0,000000	-0,125000	4460,986281	7795,889773	3182,029451	5532,106772	-0,081362	-0,266748	-0,435977	-0,162437	161,972684	90,000000	90,000000	127,579259
	167	8,799827	5,308087	5,564127	-49,263521	3,300000	0,000000	-0,550000	-2,750000	0,000000	0,000000	0,000000	-0,125000	4359,053123	7930,495484	3109,996565	5783,090881	-0,102128	-0,253362	-0,441477	-0,121734	90,000000	90,000000	90,000000	135,758316
	168	19,272532	5,067139	5,616969	-48,119403	3,300000	0,550000	0,000000	-2,200000	0,000000	0,250000	0,250000	0,000000	5384,978127	8869,328316	3919,035230	6427,731330	0,106880	-0,160002	-0,379703	-0,017190	-90,000000	32,619527	56,638708	90,000000
	169	1,269828	5,463670	5,513394	-48,119403	2,750000	0,000000	-0,550000	-2,750000	-0,250000	0,000000	0,000000	-0,125000	4022,867916	8107,839945	2957,914910	6005,953971	-0,170618	-0,235726	-0,453089	-0,085592	145,687510	90,000000	90,000000	145,599278
	170	20,216930	4,998305	5,608235	-48,119403	3,300000	0,550000	0,000000	-2,200000	0,000000	0,250000	0,250000	0,000000	5259,225841	8814,571705	3676,515289	6361,789285	0,081261	-0,165447	-0,398220	-0,027884	-90,000000	33,496098	57,879688	90,000000
	171	25,154570	4,828678	5,606459	-37,924533	3,300000	0,550000	0,000000	-1,100000	0,000000	0,250000	0,250000	0,250000	5199,512565	8370,328877	3471,805853	6270,334116	0,069096	-0,209624	-0,413851	-0,042716	-90,000000	39,979661	58,864580	9,696140
	172	2,550819	5,580026	5,475447	-52,073538	2,750000	0,000000	-0,550000	-3,300000	-0,250000	0,000000	0,000000	-0,250000	5066,623131	8667,274120	5239,400391	7747,244673	0,042023	-0,180095	-0,278886	0,196801	-170,458252	90,000000	90,000000	-141,790049
	173	10,662357	5,250835	5,530489	-49,263521	3,300000	0,550000	-0,550000	-2,200000	0,000000	0,250000	0,000000	0,000000	6450,594694	10159,140492	6659,764174	8186,747520	0,323975	-0,031739	-0,170434	0,268077	-90,000000	7,235338	90,000000	-90,000000
	174	6,656069	5,325201	5,518802	-49,263521	3,300000	0,550000	-0,550000	-2,200000	0,000000	0,250000	0,000000	0,000000	5330,099258	7974,074937	4296,171256	7510,506965	0,095700	-0,249028	-0,350907	0,158408	-90,000000	44,888445	90,000000	-90,000000
	175	9,202917	5,312343	5,511915	-44,800364	3,300000	0,000000	-0,550000	-2,200000	0,000000	0,000000	0,000000	0,000000	6185,473956	8907,923214	5650,352795	8201,200351	0,269963	-0,156164	-0,247508	0,270421	-90,000000	90,000000	90,000000	-90,000000
	176	4,509713	5,415183	5,503669	-48,119403	2,750000	0,000000	-0,550000	-2,750000	-0,250000	0,000000	0,000000	-0,125000	5854,726627	8414,070515	4727,603818	7896,296078	0,202581	-0,205274	-0,317964	0,220973	-140,981321	90,000000	90,000000	-119,495948
	177	0,398778	5,506395	5,499799	-48,119403	2,750000	0,000000	-0,550000	-2,750000	-0,250000	0,000000	0,000000	-0,125000	5495,041288	7672,769352	3867,549832	7061,888001	0,129303	-0,278991	-0,383634	0,085654	-152,651392	90,000000	90,000000	-145,579900
	178	0,139370	5,498512	5,500026	-53,043987	2,750000	0,000000	-1,100000	-3,300000	-0,250000	0,000000	-0,250000	-0,250000	5950,869922	7867,734768	4528,026250	6858,202770	0,222168	-0,259603	-0,333203	0,052621	-138,373405	90,000000	126,880633	-168,113617
	179	17,981711	5,749364	5,466156	-53,043987	2,750000	0,000000	-1,100000	-3,300000	-0,250000	0,000000	-0,250000	-0,250000	4916,770727	7290,642806	3755,036458	6228,011074	0,011494	-0,316991	-0,392225	-0,049580	-177,367637	90,000000	122,513000	168,782728
	180	50,173326	5,012934	5,500000	-52,073538	3,300000	0,550000	0,000000	-2,750000	0,000000	0,250000	0,250000	-0,125000	5833,333333	7273,444444	3898,333333	5394,111111	0,198223	-0,318701	-0,381284	-0,184817	-90,000000	51,888159	56,747944	124,072282
	181	8,157314	5,370891	5,523053	-53,043987	3,300000	0,000000	-0,550000	-3,300000	0,000000	0,000000	0,000000	-0,250000	4549,211530	6955,977753	3709,733160	5100,669801	-0,063388	-0,350271	-0,395684	-0,232405	90,000000	90,000000	90,000000	137,088805
	182	38,460428	4,877417	5,584499	-44,800364	3,850000	0,000000	0,000000	-2,200000	0,250000	0,000000	0,250000	0,000000	4474,500685	6414,534611	3168,067786	4376,106350	-0,078608	-0,404114	-0,437043	-0,349911	17,454913	90,000000	60,229319	90,000000
	183	11,761781	5,307092	5,558391	-53,043987	3,300000	0,000000	-0,550000	-3,300000	0,000000	0,000000	0,000000	-0,250000	4461,778352	7683,353833	4635,272231	5098,266551	-0,081200	-0,277939	-0,325014	-0,232795	90,000000	90,000000	90,000000	137,040927
	184	29,949817	4,951522	5,623131	-44,800364	3,850000	0,000000	0,000000	-2,200000	0,250000	0,000000	0,250000	0,000000	3266,945911	6541,789093	2343,539203	3450,626002	-0,324620	-0,391459	-0,500000	-0,500000	52,399019	90,000000	63,434949	90,000000
	185	7,492571	5,328823	5,562216	-49,263521	3,300000	0,000000	-0,550000	-2,750000	0,000000	0,000000	0,000000	-0,125000	3340,541810	6394,257897	3385,284595	4272,772400	-0,309627	-0,406130	-0,420457	-0,366669	90,000000	90,000000	90,000000	108,824598
	186	2,991539	5,425059	5,532798	-53,043987	3,300000	0,000000	-0,550000	-3,300000	0,000000	0,000000	0,000000	-0,250000	2723,313659	6331,681538	2716,516555	3779,380841	-0,435373	-0,412353	-0,471521	-0,446684	90,000000	90,000000	90,000000	119,234833
	187	3,829475	5,388574	5,553598	-53,043987	3,300000	0,000000	-0,550000	-3,300000	0,000000	0,000000	0,000000	-0,250000	2924,520603	6205,743647	3406,110416	4357,427094	-0,394381	-0,424876	-0,418867	-0,352940	90,000000	90,000000	90,000000	125,311287
	188	6,349138	5,698687	5,378821	-53,972627	3,300000	0,000000	-1,100000	-3,300000	0,000000	0,000000	-0,250000	-0,250000	2752,868919	6283,614968	3391,493930	4700,153712	-0,429352	-0,417133	-0,419983	-0,297359	90,000000	90,000000	120,763721	130,054949
	189	8,475177	5,781844	5,321866	-53,972627	3,300000	0,000000	-1,100000	-3,300000	0,000000	0,000000	-0,250000	-0,250000	2884,211927	6357,247050	4844,550975	5146,913930	-0,402593	-0,409811	-0,309035	-0,224906	90,000000	90,000000	128,971817	138,024721
	190	3,433958	5,637014	5,425601	-53,043987	3,300000	0,000000	-0,550000	-3,300000	0,000000	0,000000	0,000000	-0,250000	2863,568078	5989,036379	4105,211400	5165,858603	-0,406799	-0,446426	-0,365487	-0,221833	90,000000	90,000000	90,000000	138,416274
	191	1,679827	5,576580	5,459783	-53,043987	3,300000	0,550000	-0,550000	-2,750000	0,000000	0,250000	0,000000	-0,125000	2670,367647	5817,071390	3683,977479	5190,961525	-0,446159	-0,463527	-0,397651	-0,217762	90,000000	61,660121	90,000000	119,856692
	192	5,851843	5,760937	5,351867	-53,972627	3,300000	0,000000	-1,100000	-3,300000	0,000000	0,000000	-0,250000	-0,250000	2919,354652	6122,631651	5875,489251	5940,788101	-0,395434	-0,433141	-0,230318	-0,096160	90,000000	90,000000	137,346551	158,961295
	193	6,450151	5,161439	5,626054	-53,043987	3,850000	0,550000	0,000000	-2,750000	0,250000	0,250000	0,250000	-0,125000	3205,615216	6085,199298	4827,548813	5644,307477	-0,337115	-0,436864	-0,310333	-0,144241	53,439848	60,219186	51,145575	130,912303
	194	10,052496	4,994974	5,672649	-52,073538	3,850000	0,550000	0,550000	-2,750000	0,250000	0,250000	0,500000	-0,125000	3971,009274	7499,776297	7586,778917	6411,084805	-0,181183	-0,296194	-0,099652	-0,019890	35,932094	49,834253	11,271568	170,958976
	195	1,853423	5,391867	5,553187	-52,073538	3,300000	0,550000	0,000000	-2,750000	0,000000	0,250000	0,250000	-0,125000	3080,666412	6486,086193	5640,026172	6838,416544	-0,362570	-0,396998	-0,248296	0,049412	90,000000	57,800333	44,804113	-158,431155
	196	1,621958	5,432639	5,536974	-48,119403	3,300000	0,000000	0,000000	-2,750000	0,000000	0,000000	0,250000	-0,125000	4893,176387	12589,995354	12614,614880	8919,127379	0,006687	0,209992	0,284249	0,386850	-90,000000	-90,000000	-48,668041	-107,906815
	197	2,113650	5,583045	5,446509	-51,058988	2,750000	0,000000	0,000000	-3,300000	-0,250000	0,000000	0,250000	-0,250000	4811,962415	13839,982292	13728,234367	9616,832981	-0,009858	0,334295	0,369280	0,500000	177,741801	-90,000000	-55,902246	-116,565051
	198	3,987496	5,641293	5,401134	-52,073538	2,750000	0,000000	-0,550000	-3,300000	-0,250000	0,000000	0,000000	-0,250000	4764,507585	15094,400566	14609,130071	9277,722910	-0,019526	0,459038	0,436541	0,445005	175,533993	-90,000000	-90,000000	-119,326900
	199	0,029411	5,498561	5,500969	-52,073538	3,300000	0,000000	0,000000	-3,300000	0,000000	0,000000	0,250000	-0,250000	3528,048909	8388,756066	9828,513578	7807,216471	-0,271426	-0,207791	0,071516	0,206527	90,000000	90,000000	-15,963927	-140,439643
	200	1,034949	5,549640	5,463944	-48,119403	3,300000	0,000000	0,000000	-2,750000	0,000000	0,000000	0,250000	-0,125000	3235,411799	7677,030475	8387,600039	7494,835637	-0,331044	-0,278567	-0,038505	0,155867	90,000000	90,000000	8,755909	-128,728479
	201	3,723183	5,667395	5,356014	-53,043987	3,300000	0,000000	-0,550000	-3,300000	0,000000	0,000000	0,000000	-0,250000	2871,169431	7529,840297	8080,065882	7304,198422	-0,405251	-0,293204	-0,061987	0,124950	90,000000	90,000000	90,000000	-153,444076
	202	5,135051	5,717974	5,295666	-48,119403	2,750000	-0,550000	-0,550000	-3,300000	-0,250000	-0,250000	0,000000	-0,250000	2726,635432	7800,300645	8202,924247	7024,263218	-0,434696	-0,266309	-0,052606	0,079552	119,903834	133,190760	90,000000	-162,348526
	203	7,167777	5,790924	5,202262	-48,119403	2,750000	-0,550000	-0,550000	-3,300000	-0,250000	-0,250000	0,000000	-0,250000	2501,765029	7695,378809	7374,915759	6906,779493	-0,480508	-0,276743	-0,115829	0,060499	117,487169	132,093586	90,000000	-166,396159
	204	4,578453	5,694534	5,317694	-49,263521	3,300000	0,000000	-0,550000	-2,750000	0,000000	0,000000	0,000000	-0,125000	2473,568042	6982,178542	5649,122362	6818,309911	-0,486253	-0,347665	-0,247602	0,046152	90,000000	90,000000	90,000000	-159,735202
	205	10,564363	5,885497	5,086762	-48,119403	2,750000	-0,550000	-0,550000	-3,300000	-0,250000	-0,250000	0,000000	-0,250000	2471,539987	7866,615506	7148,503604	7130,413127	-0,486666	-0,259714	-0,133116	0,096767	117,189541	133,908152	90,000000	-158,840229
	206	11,038942	5,899834	5,079161	-48,119403	2,750000	-0,550000	-0,550000	-3,300000	-0,250000	-0,250000	0,000000	-0,250000	2559,256183	7976,915596	7068,814742	7290,772554	-0,468796	-0,248746	-0,139201	0,122773	118,070167	135,144070	90,000000	-153,844735
	207	8,913913	5,775093	5,285381	-48,119403	2,750000	-0,550000	-0,550000	-3,300000	-0,250000	-0,250000	0,000000	-0,250000	3388,497788	11976,760275	8840,410363	7740,850835	-0,299857	0,149010	-0,003931	0,195764	129,819034	-149,203287	90,000000	-141,937067
	208	10,555871	5,946411	5,150327	-52,073538	2,750000	0,000000	-0,550000	-3,300000	-0,250000	0,000000	0,000000	-0,250000	2630,065506	7602,761401	7034,968522	8207,766841	-0,454370	-0,285953	-0,141785	0,271486	118,820139	90,000000	90,000000	-132,640689
	209	0,014653	5,499388	5,500286	-52,073538	3,300000	0,550000	0,000000	-2,750000	0,000000	0,250000	0,250000	-0,125000	3725,334117	9569,194699	8431,207130	8725,310390	-0,231234	-0,090405	-0,035175	0,355418	90,000000	19,880996	8,009044	-109,376700
	210	8,760473	5,969529	5,218666	-56,260899	3,300000	0,550000	-0,550000	-3,300000	0,000000	0,250000	0,000000	-0,250000	2583,876705	6910,464424	7618,106947	8793,965226	-0,463780	-0,354797	-0,097260	0,366552	90,000000	54,830390	90,000000	-124,295216
	211	4,873952	5,775627	5,388056	-53,043987	3,300000	0,550000	-0,550000	-2,750000	0,000000	0,250000	0,000000	-0,125000	3047,226947	7156,637470	8615,892295	8796,956091	-0,369383	-0,330317	-0,021074	0,367037	90,000000	52,879771	90,000000	-108,807048
	212	2,279169	5,354780	5,537970	-49,263521	3,850000	0,550000	0,000000	-2,200000	0,250000	0,250000	0,250000	0,000000	2875,349322	6311,640345	5240,820709	8133,484625	-0,404399	-0,414346	-0,278778	0,259439	58,275586	58,894866	48,115144	-90,000000
	213	6,587908	5,870862	5,348001	-53,043987	3,300000	0,550000	-0,550000	-2,750000	0,000000	0,250000	0,000000	-0,125000	2998,899501	6621,383603	7218,745020	8437,762874	-0,379228	-0,383544	-0,127753	0,308785	90,000000	56,903061	90,000000	-112,038701
	214	3,718020	5,308641	5,544624	-53,043987	3,850000	0,550000	0,000000	-2,750000	0,250000	0,250000	0,250000	-0,125000	3461,037359	6713,906981	4976,959883	7080,661284	-0,285078	-0,374343	-0,298925	0,088698	48,750803	56,263561	50,093231	-144,641021
	215	8,554771	5,846411	5,355813	-52,073538	2,750000	0,000000	-0,550000	-3,300000	-0,250000	0,000000	0,000000	-0,250000	3524,759015	7346,652324	5630,312063	7141,960897	-0,272097	-0,311421	-0,249038	0,098639	132,576527	90,000000	90,000000	-158,467896
	216	7,129539	5,706715	5,410270	-52,073538	2,750000	0,000000	-0,550000	-3,300000	-0,250000	0,000000	0,000000	-0,250000	3893,546523	8206,739849	4904,221787	6541,755366	-0,196965	-0,225891	-0,304479	0,001302	141,766898	90,000000	90,000000	-179,701700
	217	3,694471	5,392281	5,537250	-49,263521	3,300000	0,000000	-0,550000	-2,750000	0,000000	0,000000	0,000000	-0,125000	3372,970143	7152,203984	3052,237234	5186,088010	-0,303020	-0,330758	-0,445887	-0,218553	90,000000	90,000000	90,000000	119,767152
	218	11,993370	5,862685	5,305475	-52,073538	2,750000	0,000000	-0,550000	-3,300000	-0,250000	0,000000	0,000000	-0,250000	3538,435935	7800,198868	3455,466931	6477,977314	-0,269310	-0,266319	-0,415099	-0,009042	132,870472	90,000000	90,000000	177,928728
	219	5,882053	5,307132	5,569224	-48,119403	3,300000	0,000000	0,000000	-2,750000	0,000000	0,000000	0,250000	-0,125000	3871,878519	7875,994990	3069,363517	6060,576200	-0,201379	-0,258782	-0,444580	-0,076733	90,000000	90,000000	60,649690	148,455641
	220	10,508961	5,141210	5,611228	-49,263521	3,850000	0,550000	0,000000	-2,200000	0,250000	0,250000	0,250000	0,000000	3907,337797	8104,929620	3193,252700	6060,041039	-0,194155	-0,236016	-0,435120	-0,076820	37,833618	43,351877	60,120302	90,000000
	221	9,069208	5,233205	5,579514	-52,073538	3,300000	0,550000	0,000000	-2,750000	0,000000	0,250000	0,250000	-0,125000	5673,062397	10846,815462	6127,461267	7998,689783	0,165571	0,036645	-0,211078	0,237579	-90,000000	-8,339125	40,174833	-117,750704
	222	2,055651	5,582164	5,470219	-56,260899	3,300000	0,550000	-0,550000	-3,300000	0,000000	0,250000	0,000000	-0,250000	4261,525232	8290,681049	4657,274294	7648,834906	-0,121997	-0,217544	-0,323335	0,180841	90,000000	41,029026	90,000000	-144,119319
	223	6,436628	5,259354	5,543571	-43,447427	3,300000	0,550000	0,000000	-1,650000	0,000000	0,250000	0,250000	0,125000	4901,424176	8517,194876	4522,698808	7514,746119	0,008367	-0,195019	-0,333610	0,159096	-90,000000	37,956929	53,152919	-51,843601
	224	10,981980	5,915561	5,375949	-49,263521	2,750000	0,000000	-1,100000	-2,750000	-0,250000	0,000000	-0,250000	-0,125000	4979,057103	8649,022283	6964,886654	8899,841898	0,024183	-0,181910	-0,147137	0,383723	-174,474773	90,000000	149,521229	-108,043343
	225	5,639437	5,272673	5,521784	-44,800364	3,850000	0,550000	0,000000	-1,650000	0,250000	0,250000	0,250000	0,125000	4511,195661	7712,558119	3966,569726	7958,731671	-0,071133	-0,275034	-0,376073	0,231099	15,882686	47,729877	56,385472	-61,591287
	226	7,863887	5,802578	5,467453	-53,972627	3,300000	0,000000	-1,100000	-3,300000	0,000000	0,000000	-0,250000	-0,250000	4681,389935	7791,606458	4789,267842	8722,460161	-0,036460	-0,267174	-0,313256	0,354956	90,000000	90,000000	128,592282	-125,157539
	227	15,555315	6,254585	5,317721	-53,043987	2,750000	0,000000	-1,100000	-3,300000	-0,250000	0,000000	-0,250000	-0,250000	3247,870934	6862,494346	3351,904492	8199,086082	-0,328506	-0,359567	-0,423006	0,270078	127,271883	90,000000	120,583425	-132,789156
	228	10,811162	5,872951	5,483865	-53,043987	2,750000	0,000000	-1,100000	-3,300000	-0,250000	0,000000	-0,250000	-0,250000	4164,584989	7217,046446	4013,712649	7650,938596	-0,141747	-0,324310	-0,372474	0,181183	150,447336	90,000000	123,869049	-144,068022
	229	14,331157	5,927354	5,492533	-49,263521	2,750000	-0,550000	-1,100000	-3,300000	-0,250000	-0,250000	-0,250000	-0,250000	3946,680271	6911,151890	3884,134286	6893,146618	-0,186140	-0,354729	-0,382368	0,058288	143,330135	125,174809	123,177499	-166,875787
	230	23,367790	6,090234	5,494208	-53,043987	2,750000	-0,550000	-1,100000	-3,850000	-0,250000	-0,250000	-0,250000	-0,375000	3299,612390	6900,909877	3460,055458	5410,871164	-0,317965	-0,355747	-0,414748	-0,182099	128,176195	125,097494	121,080533	154,098950
	231	31,342970	6,172152	5,500000	-53,043987	2,200000	-1,100000	-1,650000	-4,400000	-0,500000	-0,500000	-0,500000	-0,500000	3682,666667	7082,000000	3535,555556	5495,000000	-0,239927	-0,337739	-0,408983	-0,168455	154,365837	145,961843	140,717969	161,380796
	232	3,394078	5,531779	5,504313	-49,263521	2,750000	-0,550000	-1,100000	-3,300000	-0,250000	-0,250000	-0,250000	-0,250000	3704,836549	6115,309305	2693,467172	3936,671186	-0,235410	-0,433870	-0,473281	-0,421176	136,721634	119,950980	117,844232	120,692355
	233	28,230491	5,198665	5,472321	-44,800364	3,300000	-0,550000	-0,550000	-2,750000	0,000000	-0,250000	0,000000	-0,125000	3971,306803	5960,449905	2497,742999	3918,196070	-0,181123	-0,449269	-0,488226	-0,424172	90,000000	119,094154	90,000000	106,419805
	234	48,835932	4,764999	5,457416	-43,447427	3,850000	0,000000	0,550000	-2,200000	0,250000	0,000000	0,500000	0,000000	4505,490198	6165,458729	2838,295686	4002,213171	-0,072295	-0,428883	-0,462223	-0,410547	16,128824	90,000000	42,751703	90,000000
	235	25,778854	5,046774	5,555277	-48,119403	3,300000	0,000000	0,000000	-2,750000	0,000000	0,000000	0,250000	-0,125000	3780,349728	6381,117885	2925,885315	3956,677422	-0,220026	-0,407437	-0,455535	-0,417931	90,000000	90,000000	61,241783	106,651508
	236	31,360653	4,892493	5,598732	-49,263521	3,850000	0,000000	0,000000	-2,750000	0,250000	0,000000	0,250000	-0,125000	4262,111687	6412,980886	4097,231601	4282,884877	-0,121878	-0,404268	-0,366097	-0,365029	25,989764	90,000000	55,671619	108,903179
	237	23,560339	4,927512	5,632557	-49,263521	3,850000	0,000000	0,000000	-2,750000	0,250000	0,000000	0,250000	-0,125000	3365,455751	6585,052396	2913,001631	3851,998017	-0,304551	-0,387157	-0,456519	-0,434908	50,618092	90,000000	61,293883	106,035564
	238	14,614874	5,134768	5,618086	-49,263521	3,850000	0,000000	0,000000	-2,750000	0,250000	0,000000	0,250000	-0,125000	3721,217363	6548,545990	4260,388157	4363,968896	-0,232073	-0,390787	-0,353639	-0,351879	42,870269	90,000000	54,742133	109,556842
	239	9,599521	5,233874	5,599075	-49,263521	3,300000	0,000000	-0,550000	-2,750000	0,000000	0,000000	0,000000	-0,125000	3027,903486	6743,294446	2855,993579	3964,581016	-0,373320	-0,371421	-0,460871	-0,416650	90,000000	90,000000	90,000000	106,699885
	240	14,129212	5,061379	5,654439	-49,263521	3,850000	0,000000	0,000000	-2,750000	0,250000	0,000000	0,250000	-0,125000	2966,405784	6762,687954	2786,984351	3899,540704	-0,385848	-0,369492	-0,466141	-0,427198	57,059868	90,000000	61,794506	106,309721
	241	3,401407	5,607060	5,440388	-53,972627	3,300000	0,000000	-1,100000	-3,300000	0,000000	0,000000	-0,250000	-0,250000	3069,797888	6494,806138	4253,992101	4695,273562	-0,364785	-0,396131	-0,354127	-0,298150	90,000000	90,000000	125,220604	129,979951
	242	3,726094	5,365032	5,561262	-50,356942	3,850000	0,000000	-0,550000	-2,750000	0,250000	0,000000	0,000000	-0,125000	2903,434257	5804,701296	3223,117637	4542,134259	-0,398677	-0,464757	-0,432840	-0,322985	57,909262	90,000000	90,000000	111,157151
	243	4,057092	5,334040	5,572862	-53,972627	3,850000	0,550000	-0,550000	-2,750000	0,250000	0,250000	0,000000	-0,125000	2843,205871	5816,199248	3319,609219	4606,890658	-0,410947	-0,463614	-0,425472	-0,312484	58,685748	61,664599	90,000000	111,802444
	244	4,063718	5,313951	5,584196	-53,972627	3,850000	0,550000	-0,550000	-2,750000	0,250000	0,250000	0,000000	-0,125000	2765,841697	6210,058719	3690,574913	4781,982468	-0,426709	-0,424447	-0,397147	-0,284088	59,634821	59,501865	90,000000	113,749691
	245	1,403857	5,563772	5,465869	-53,043987	3,300000	0,000000	-0,550000	-3,300000	0,000000	0,000000	0,000000	-0,250000	2893,112865	6167,402722	5284,984966	5245,318836	-0,400780	-0,428689	-0,275406	-0,208947	90,000000	90,000000	90,000000	140,111523
	246	0,035603	5,498153	5,500955	-53,972627	3,850000	0,550000	-0,550000	-2,750000	0,250000	0,250000	0,000000	-0,125000	2684,825296	5855,703835	4484,214760	5550,920866	-0,443214	-0,459685	-0,336548	-0,159386	60,574317	61,460436	90,000000	128,105612
	247	10,457141	4,871407	5,712350	-53,972627	4,400000	1,100000	0,000000	-2,200000	0,500000	0,500000	0,250000	0,000000	3037,957634	5472,956368	3333,564477	5479,874388	-0,371271	-0,497747	-0,424407	-0,170908	36,595456	44,870622	59,499453	90,000000
	248	9,594081	4,925696	5,714516	-48,119403	3,850000	0,550000	0,550000	-2,200000	0,250000	0,250000	0,500000	0,000000	3614,995312	6589,084538	6321,702600	6524,185637	-0,253713	-0,386756	-0,196247	-0,001548	45,422337	57,121271	21,429699	90,000000
	249	1,347681	5,433514	5,538653	-52,073538	3,300000	0,000000	0,000000	-3,300000	0,000000	0,000000	0,250000	-0,250000	4011,506223	9897,419516	10876,089043	8219,442461	-0,172933	-0,057765	0,151504	0,273379	90,000000	90,000000	-31,216496	-132,442310
	average primary freq.					38,000000								10,000000								20,000000
	average secondary freq.					20,000000								20,000000								10,000000
	average COM freq.					76,529145								36,729185								61,344800

Average found frequencies for arc-length oriented points (X)
		1st third of flagellum	2nd third of flagellum	3rd third of flagellum
	1st frequency peak	10,000000	16,769231	11,538462
	2nd frequency peak	20,142857	16,615385	24,153846
	COM frequency	46,881435	65,164357	55,473330

Average found frequencies for arc-length oriented points (Y)
		1st third of flagellum	2nd third of flagellum	3rd third of flagellum
	1st frequency peak	13,571429	23,076923	27,076923
	2nd frequency peak	19,285714	25,384615	11,384615
	COM frequency	62,730465	60,540496	53,747922

Average found frequencies for arc-length oriented points (Z)
		1st third of flagellum	2nd third of flagellum	3rd third of flagellum
	1st frequency peak	17,714286	13,692308	10,000000
	2nd frequency peak	20,000000	14,307692	29,076923
	COM frequency	52,417869	51,375364	33,371457

Average found frequencies for arc-length oriented points (Curvature 2D)
		1st third of flagellum	2nd third of flagellum	3rd third of flagellum
	1st frequency peak	250,000000	250,000000	232,307692
	2nd frequency peak	18,428571	25,538462	37,692308
	COM frequency	42,258789	31,907400	31,770061

Average found frequencies for arc-length oriented points (Curvature 3D)
		1st third of flagellum	2nd third of flagellum	3rd third of flagellum
	1st frequency peak	22,285714	21,076923	182,615385
	2nd frequency peak	18,857143	20,615385	33,846154
	COM frequency	43,957499	42,313176	38,401227

Average found frequencies for arc-length oriented points (Curvature angle 2D)
		1st third of flagellum	2nd third of flagellum	3rd third of flagellum
	1st frequency peak	10,000000	10,000000	10,000000
	2nd frequency peak	29,142857	28,000000	28,000000
	COM frequency	63,861562	43,863945	39,418521

Average found frequencies for arc-length oriented points (Curvature angle 3D)
		1st third of flagellum	2nd third of flagellum	3rd third of flagellum
	1st frequency peak	13,928571	10,000000	16,923077
	2nd frequency peak	16,071429	21,538462	37,384615
	COM frequency	46,212434	37,351953	37,976297


Datafile was generated by 'SpermQ-MF', (© 2013-2020: Jan N Hansen (jan.hansen@caesar.de) & Jan F Jikeli (jan.jikeli@caesar.de))
The plug-in 'SpermQ-MF' is distributed in the hope that it will be useful, but WITHOUT ANY WARRANTY; without even the implied warranty of MERCHANTABILITY or FITNESS FOR A PARTICULAR PURPOSE.
Skeleton results are generated using the ImageJ plug-ins 'skeletonize' and 'analyze skeleton' by: Ignacio Arganda-Carreras, Rodrigo Fernandez-Gonzalez, Arrate Munoz-Barrutia, Carlos Ortiz-De-Solorzano, '3D reconstruction of histological sections: Application to mammary gland tissue', Microscopy Research and Technique, Volume 73, Issue 11, pages 1019-1029, October 2010.
Plug-in version:	v0.3.0
